0 0
1 -1
2 0
3 -1
4 0
5 -1
6 0
7 -1
8 0
9 -1
10 0
11 -1
12 0
13 -1
14 0
15 -1
16 0
17 -1
18 0
19 -1
20 0
21 -1
22 0
23 -1
24 0
25 -1
26 0
27 -1
28 0
29 -1
30 0
31 -1
32 0
33 -1
34 0
35 -1
36 0
37 -1
38 0
39 -1
40 0
41 -1
42 0
43 -1
44 0
45 -1
46 0
47 -1
48 0
49 -1
50 0
51 -1
52 0
53 -1
54 0
55 -1
56 0
57 -1
58 0
59 -1
60 0
61 -1
62 0
63 -1
64 0
65 -1
66 0
67 -1
68 0
69 -1
70 0
71 -1
72 0
73 -1
74 0
75 -1
76 0
77 -1
78 0
79 -1
80 0
81 -1
82 0
83 -1
84 0
85 -1
86 0
87 -1
88 0
89 -1
90 0
91 -1
92 0
93 -1
94 0
95 -1
96 0
97 -1
98 0
99 -1
100 0
101 -1
102 0
103 -1
104 0
105 -1
106 0
107 -1
108 0
109 -1
110 0
111 -1
112 0
113 -1
114 0
115 -1
116 0
117 -1
118 0
119 -1
120 0
121 -1
122 0
123 -1
124 0
125 -1
126 0
127 -1
128 0
129 -1
130 0
131 -1
132 0
133 -1
134 0
135 -1
136 0
137 -1
138 0
139 -1
140 0
141 -1
142 0
143 -1
144 0
145 -1
146 0
147 -1
148 0
149 -1
150 0
151 -1
152 0
153 -1
154 0
155 -1
156 0
157 -1
158 0
159 -1
160 0
161 -1
162 0
163 -1
164 0
165 -1
166 0
167 -1
168 0
169 -1
170 0
171 -1
172 0
173 -1
174 0
175 -1
176 0
177 -1
178 0
179 -1
180 0
181 -1
182 0
183 -1
184 0
185 -1
186 0
187 -1
188 0
189 -1
190 0
191 -1
192 0
193 -1
194 0
195 -1
196 0
197 -1
198 0
199 -1
200 0
201 -1
202 0
203 -1
204 0
205 -1
206 0
207 -1
208 0
209 -1
210 0
211 -1
212 0
213 -1
214 0
215 -1
216 0
217 -1
218 0
219 -1
220 0
221 -1
222 0
223 -1
224 0
225 -1
226 0
227 -1
228 0
229 -1
230 0
231 -1
232 0
233 -1
234 0
235 -1
236 0
237 -1
238 0
239 -1
240 0
241 -1
242 0
243 -1
244 0
245 -1
246 0
247 -1
248 0
249 -1
250 0
251 -1
252 0
253 -1
254 0
255 -1
256 0
257 -1
258 0
259 -1
260 0
261 -1
262 0
263 -1
264 0
265 -1
266 0
267 -1
268 0
269 -1
270 0
271 -1
272 0
273 -1
274 0
275 -1
276 0
277 -1
278 0
279 -1
280 0
281 -1
282 0
283 -1
284 0
285 -1
286 0
287 -1
288 0
289 -1
290 0
291 -1
292 0
293 -1
294 0
295 -1
296 0
297 -1
298 0
299 -1
300 0
301 -1
302 0
303 -1
304 0
305 -1
306 0
307 -1
308 0
309 -1
310 0
311 -1
312 0
313 -1
314 0
315 -1
316 0
317 -1
318 0
319 -1
320 0
321 -1
322 0
323 -1
324 0
325 -1
326 0
327 -1
328 0
329 -1
330 0
331 -1
332 0
333 -1
334 0
335 -1
336 0
337 -1
338 0
339 -1
340 0
341 -1
342 0
343 -1
344 0
345 -1
346 0
347 -1
348 0
349 -1
350 0
351 -1
352 0
353 -1
354 0
355 -1
356 0
357 -1
358 0
359 -1
360 0
361 -1
362 0
363 -1
364 0
365 -1
366 0
367 -1
368 0
369 -1
370 0
371 -1
372 0
373 -1
374 0
375 -1
376 0
377 -1
378 0
379 -1
380 0
381 -1
382 0
383 -1
384 0
385 -1
386 0
387 -1
388 0
389 -1
390 0
391 -1
392 0
393 -1
394 0
395 -1
396 0
397 -1
398 0
399 -1
400 0
401 -1
402 0
403 -1
404 0
405 -1
406 0
407 -1
408 0
409 -1
410 0
411 -1
412 0
413 -1
414 0
415 -1
416 0
417 -1
418 0
419 -1
420 0
421 -1
422 0
423 -1
424 0
425 -1
426 0
427 -1
428 0
429 -1
430 0
431 -1
432 0
433 -1
434 0
435 -1
436 0
437 -1
438 0
439 -1
440 0
441 -1
442 0
443 -1
444 0
445 -1
446 0
447 -1
448 0
449 -1
450 0
451 -1
452 0
453 -1
454 0
455 -1
456 0
457 -1
458 0
459 -1
460 0
461 -1
462 0
463 -1
464 0
465 -1
466 0
467 -1
468 0
469 -1
470 0
471 -1
472 0
473 -1
474 0
475 -1
476 0
477 -1
478 0
479 -1
480 0
481 -1
482 0
483 -1
484 0
485 -1
486 0
487 -1
488 0
489 -1
490 0
491 -1
492 0
493 -1
494 0
495 -1
496 0
497 -1
498 0
499 -1
500 0
501 -1
502 0
503 -1
504 0
505 -1
506 0
507 -1
508 0
509 -1
510 0
511 -1
512 0
513 -1
514 0
515 -1
516 0
517 -1
518 0
519 -1
520 0
521 -1
522 0
523 -1
524 0
525 -1
526 0
527 -1
528 0
529 -1
530 0
531 -1
532 0
533 -1
534 0
535 -1
536 0
537 -1
538 0
539 -1
540 0
541 -1
542 0
543 -1
544 0
545 -1
546 0
547 -1
548 0
549 -1
550 0
551 -1
552 0
553 -1
554 0
555 -1
556 0
557 -1
558 0
559 -1
560 0
561 -1
562 0
563 -1
564 0
565 -1
566 0
567 -1
568 0
569 -1
570 0
571 -1
572 0
573 -1
574 0
575 -1
576 0
577 -1
578 0
579 -1
580 0
581 -1
582 0
583 -1
584 0
585 -1
586 0
587 -1
588 0
589 -1
590 0
591 -1
592 0
593 -1
594 0
595 -1
596 0
597 -1
598 0
599 -1
600 0
601 -1
602 0
603 -1
604 0
605 -1
606 0
607 -1
608 0
609 -1
610 0
611 -1
612 0
613 -1
614 0
615 -1
616 0
617 -1
618 0
619 -1
620 0
621 -1
622 0
623 -1
624 0
625 -1
626 0
627 -1
628 0
629 -1
630 0
631 -1
632 0
633 -1
634 0
635 -1
636 0
637 -1
638 0
639 -1
640 0
641 -1
642 0
643 -1
644 0
645 -1
646 0
647 -1
648 0
649 -1
650 0
651 -1
652 0
653 -1
654 0
655 -1
656 0
657 -1
658 0
659 -1
660 0
661 -1
662 0
663 -1
664 0
665 -1
666 0
667 -1
668 0
669 -1
670 0
671 -1
672 0
673 -1
674 0
675 -1
676 0
677 -1
678 0
679 -1
680 0
681 -1
682 0
683 -1
684 0
685 -1
686 0
687 -1
688 0
689 -1
690 0
691 -1
692 0
693 -1
694 0
695 -1
696 0
697 -1
698 0
699 -1
700 0
701 -1
702 0
703 -1
704 0
705 -1
706 0
707 -1
708 0
709 -1
710 0
711 -1
712 0
713 -1
714 0
715 -1
716 0
717 -1
718 0
719 -1
720 0
721 -1
722 0
723 -1
724 0
725 -1
726 0
727 -1
728 0
729 -1
730 0
731 -1
732 0
733 -1
734 0
735 -1
736 0
737 -1
738 0
739 -1
740 0
741 -1
742 0
743 -1
744 0
745 -1
746 0
747 -1
748 0
749 -1
750 0
751 -1
752 0
753 -1
754 0
755 -1
756 0
757 -1
758 0
759 -1
760 0
761 -1
762 0
763 -1
764 0
765 -1
766 0
767 -1
768 0
769 -1
770 0
771 -1
772 0
773 -1
774 0
775 -1
776 0
777 -1
778 0
779 -1
780 0
781 -1
782 0
783 -1
784 0
785 -1
786 0
787 -1
788 0
789 -1
790 0
791 -1
792 0
793 -1
794 0
795 -1
796 0
797 -1
798 0
799 -1
800 0
801 -1
802 0
803 -1
804 0
805 -1
806 0
807 -1
808 0
809 -1
810 0
811 -1
812 0
813 -1
814 0
815 -1
816 0
817 -1
818 0
819 -1
820 0
821 -1
822 0
823 -1
824 0
825 -1
826 0
827 -1
828 0
829 -1
830 0
831 -1
832 0
833 -1
834 0
835 -1
836 0
837 -1
838 0
839 -1
840 0
841 -1
842 0
843 -1
844 0
845 -1
846 0
847 -1
848 0
849 -1
850 0
851 -1
852 0
853 -1
854 0
855 -1
856 0
857 -1
858 0
859 -1
860 0
861 -1
862 0
863 -1
864 0
865 -1
866 0
867 -1
868 0
869 -1
870 0
871 -1
872 0
873 -1
874 0
875 -1
876 0
877 -1
878 0
879 -1
880 0
881 -1
882 0
883 -1
884 0
885 -1
886 0
887 -1
888 0
889 -1
890 0
891 -1
892 0
893 -1
894 0
895 -1
896 0
897 -1
898 0
899 -1
900 0
901 -1
902 0
903 -1
904 0
905 -1
906 0
907 -1
908 0
909 -1
910 0
911 -1
912 0
913 -1
914 0
915 -1
916 0
917 -1
918 0
919 -1
920 0
921 -1
922 0
923 -1
924 0
925 -1
926 0
927 -1
928 0
929 -1
930 0
931 -1
932 0
933 -1
934 0
935 -1
936 0
937 -1
938 0
939 -1
940 0
941 -1
942 0
943 -1
944 0
945 -1
946 0
947 -1
948 0
949 -1
950 0
951 -1
952 0
953 -1
954 0
955 -1
956 0
957 -1
958 0
959 -1
960 0
961 -1
962 0
963 -1
964 0
965 -1
966 0
967 -1
968 0
969 -1
970 0
971 -1
972 0
973 -1
974 0
975 -1
976 0
977 -1
978 0
979 -1
980 0
981 -1
982 0
983 -1
984 0
985 -1
986 0
987 -1
988 0
989 -1
990 0
991 -1
992 0
993 -1
994 0
995 -1
996 0
997 -1
998 0
999 -1
1000 0
1001 -1
1002 0
1003 -1
1004 0
1005 -1
1006 0
1007 -1
1008 0
1009 -1
1010 0
1011 -1
1012 0
1013 -1
1014 0
1015 -1
1016 0
1017 -1
1018 0
1019 -1
1020 0
1021 -1
1022 0
1023 -1
1024 0
1025 -1
1026 0
1027 -1
1028 0
1029 -1
1030 0
1031 -1
1032 0
1033 -1
1034 0
1035 -1
1036 0
1037 -1
1038 0
1039 -1
1040 0
1041 -1
1042 0
1043 -1
1044 0
1045 -1
1046 0
1047 -1
1048 0
1049 -1
1050 0
1051 -1
1052 0
1053 -1
1054 0
1055 -1
1056 0
1057 -1
1058 0
1059 -1
1060 0
1061 -1
1062 0
1063 -1
1064 0
1065 -1
1066 0
1067 -1
1068 0
1069 -1
1070 0
1071 -1
1072 0
1073 -1
1074 0
1075 -1
1076 0
1077 -1
1078 0
1079 -1
1080 0
1081 -1
1082 0
1083 -1
1084 0
1085 -1
1086 0
1087 -1
1088 0
1089 -1
1090 0
1091 -1
1092 0
1093 -1
1094 0
1095 -1
1096 0
1097 -1
1098 0
1099 -1
1100 0
1101 -1
1102 0
1103 -1
1104 0
1105 -1
1106 0
1107 -1
1108 0
1109 -1
1110 0
1111 -1
1112 0
1113 -1
1114 0
1115 -1
1116 0
1117 -1
1118 0
1119 -1
1120 0
1121 -1
1122 0
1123 -1
1124 0
1125 -1
1126 0
1127 -1
1128 0
1129 -1
1130 0
1131 -1
1132 0
1133 -1
1134 0
1135 -1
1136 0
1137 -1
1138 0
1139 -1
1140 0
1141 -1
1142 0
1143 -1
1144 0
1145 -1
1146 0
1147 -1
1148 0
1149 -1
1150 0
1151 -1
1152 0
1153 -1
1154 0
1155 -1
1156 0
1157 -1
1158 0
1159 -1
1160 0
1161 -1
1162 0
1163 -1
1164 0
1165 -1
1166 0
1167 -1
1168 0
1169 -1
1170 0
1171 -1
1172 0
1173 -1
1174 0
1175 -1
1176 0
1177 -1
1178 0
1179 -1
1180 0
1181 -1
1182 0
1183 -1
1184 0
1185 -1
1186 0
1187 -1
1188 0
1189 -1
1190 0
1191 -1
1192 0
1193 -1
1194 0
1195 -1
1196 0
1197 -1
1198 0
1199 -1
1200 0
1201 -1
1202 0
1203 -1
1204 0
1205 -1
1206 0
1207 -1
1208 0
1209 -1
1210 0
1211 -1
1212 0
1213 -1
1214 0
1215 -1
1216 0
1217 -1
1218 0
1219 -1
1220 0
1221 -1
1222 0
1223 -1
1224 0
1225 -1
1226 0
1227 -1
1228 0
1229 -1
1230 0
1231 -1
1232 0
1233 -1
1234 0
1235 -1
1236 0
1237 -1
1238 0
1239 -1
1240 0
1241 -1
1242 0
1243 -1
1244 0
1245 -1
1246 0
1247 -1
1248 0
1249 -1
1250 0
1251 -1
1252 0
1253 -1
1254 0
1255 -1
1256 0
1257 -1
1258 0
1259 -1
1260 0
1261 -1
1262 0
1263 -1
1264 0
1265 -1
1266 0
1267 -1
1268 0
1269 -1
1270 0
1271 -1
1272 0
1273 -1
1274 0
1275 -1
1276 0
1277 -1
1278 0
1279 -1
1280 0
1281 -1
1282 0
1283 -1
1284 0
1285 -1
1286 0
1287 -1
1288 0
1289 -1
1290 0
1291 -1
1292 0
1293 -1
1294 0
1295 -1
1296 0
1297 -1
1298 0
1299 -1
1300 0
1301 -1
1302 0
1303 -1
1304 0
1305 -1
1306 0
1307 -1
1308 0
1309 -1
1310 0
1311 -1
1312 0
1313 -1
1314 0
1315 -1
1316 0
1317 -1
1318 0
1319 -1
1320 0
1321 -1
1322 0
1323 -1
1324 0
1325 -1
1326 0
1327 -1
1328 0
1329 -1
1330 0
1331 -1
1332 0
1333 -1
1334 0
1335 -1
1336 0
1337 -1
1338 0
1339 -1
1340 0
1341 -1
1342 0
1343 -1
1344 0
1345 -1
1346 0
1347 -1
1348 0
1349 -1
1350 0
1351 -1
1352 0
1353 -1
1354 0
1355 -1
1356 0
1357 -1
1358 0
1359 -1
1360 0
1361 -1
1362 0
1363 -1
1364 0
1365 -1
1366 0
1367 -1
1368 0
1369 -1
1370 0
1371 -1
1372 0
1373 -1
1374 0
1375 -1
1376 0
1377 -1
1378 0
1379 -1
1380 0
1381 -1
1382 0
1383 -1
1384 0
1385 -1
1386 0
1387 -1
1388 0
1389 -1
1390 0
1391 -1
1392 0
1393 -1
1394 0
1395 -1
1396 0
1397 -1
1398 0
1399 -1
1400 0
1401 -1
1402 0
1403 -1
1404 0
1405 -1
1406 0
1407 -1
1408 0
1409 -1
1410 0
1411 -1
1412 0
1413 -1
1414 0
1415 -1
1416 0
1417 -1
1418 0
1419 -1
1420 0
1421 -1
1422 0
1423 -1
1424 0
1425 -1
1426 0
1427 -1
1428 0
1429 -1
1430 0
1431 -1
1432 0
1433 -1
1434 0
1435 -1
1436 0
1437 -1
1438 0
1439 -1
1440 0
1441 -1
1442 0
1443 -1
1444 0
1445 -1
1446 0
1447 -1
1448 0
1449 -1
1450 0
1451 -1
1452 0
1453 -1
1454 0
1455 -1
1456 0
1457 -1
1458 0
1459 -1
1460 0
1461 -1
1462 0
1463 -1
1464 0
1465 -1
1466 0
1467 -1
1468 0
1469 -1
1470 0
1471 -1
1472 0
1473 -1
1474 0
1475 -1
1476 0
1477 -1
1478 0
1479 -1
1480 0
1481 -1
1482 0
1483 -1
1484 0
1485 -1
1486 0
1487 -1
1488 0
1489 -1
1490 0
1491 -1
1492 0
1493 -1
1494 0
1495 -1
1496 0
1497 -1
1498 0
1499 -1
1500 0
1501 -1
1502 0
1503 -1
1504 0
1505 -1
1506 0
1507 -1
1508 0
1509 -1
1510 0
1511 -1
1512 0
1513 -1
1514 0
1515 -1
1516 0
1517 -1
1518 0
1519 -1
1520 0
1521 -1
1522 0
1523 -1
1524 0
1525 -1
1526 0
1527 -1
1528 0
1529 -1
1530 0
1531 -1
1532 0
1533 -1
1534 0
1535 -1
1536 0
1537 -1
1538 0
1539 -1
1540 0
1541 -1
1542 0
1543 -1
1544 0
1545 -1
1546 0
1547 -1
1548 0
1549 -1
1550 0
1551 -1
1552 0
1553 -1
1554 0
1555 -1
1556 0
1557 -1
1558 0
1559 -1
1560 0
1561 -1
1562 0
1563 -1
1564 0
1565 -1
1566 0
1567 -1
1568 0
1569 -1
1570 0
1571 -1
1572 0
1573 -1
1574 0
1575 -1
1576 0
1577 -1
1578 0
1579 -1
1580 0
1581 -1
1582 0
1583 -1
1584 0
1585 -1
1586 0
1587 -1
1588 0
1589 -1
1590 0
1591 -1
1592 0
1593 -1
1594 0
1595 -1
1596 0
1597 -1
1598 0
1599 -1
1600 0
1601 -1
1602 0
1603 -1
1604 0
1605 -1
1606 0
1607 -1
1608 0
1609 -1
1610 0
1611 -1
1612 0
1613 -1
1614 0
1615 -1
1616 0
1617 -1
1618 0
1619 -1
1620 0
1621 -1
1622 0
1623 -1
1624 0
1625 -1
1626 0
1627 -1
1628 0
1629 -1
1630 0
1631 -1
1632 0
1633 -1
1634 0
1635 -1
1636 0
1637 -1
1638 0
1639 -1
1640 0
1641 -1
1642 0
1643 -1
1644 0
1645 -1
1646 0
1647 -1
1648 0
1649 -1
1650 0
1651 -1
1652 0
1653 -1
1654 0
1655 -1
1656 0
1657 -1
1658 0
1659 -1
1660 0
1661 -1
1662 0
1663 -1
1664 0
1665 -1
1666 0
1667 -1
1668 0
1669 -1
1670 0
1671 -1
1672 0
1673 -1
1674 0
1675 -1
1676 0
1677 -1
1678 0
1679 -1
1680 0
1681 -1
1682 0
1683 -1
1684 0
1685 -1
1686 0
1687 -1
1688 0
1689 -1
1690 0
1691 -1
1692 0
1693 -1
1694 0
1695 -1
1696 0
1697 -1
1698 0
1699 -1
1700 0
1701 -1
1702 0
1703 -1
1704 0
1705 -1
1706 0
1707 -1
1708 0
1709 -1
1710 0
1711 -1
1712 0
1713 -1
1714 0
1715 -1
1716 0
1717 -1
1718 0
1719 -1
1720 0
1721 -1
1722 0
1723 -1
1724 0
1725 -1
1726 0
1727 -1
1728 0
1729 -1
1730 0
1731 -1
1732 0
1733 -1
1734 0
1735 -1
1736 0
1737 -1
1738 0
1739 -1
1740 0
1741 -1
1742 0
1743 -1
1744 0
1745 -1
1746 0
1747 -1
1748 0
1749 -1
1750 0
1751 -1
1752 0
1753 -1
1754 0
1755 -1
1756 0
1757 -1
1758 0
1759 -1
1760 0
1761 -1
1762 0
1763 -1
1764 0
1765 -1
1766 0
1767 -1
1768 0
1769 -1
1770 0
1771 -1
1772 0
1773 -1
1774 0
1775 -1
1776 0
1777 -1
1778 0
1779 -1
1780 0
1781 -1
1782 0
1783 -1
1784 0
1785 -1
1786 0
1787 -1
1788 0
1789 -1
1790 0
1791 -1
1792 0
1793 -1
1794 0
1795 -1
1796 0
1797 -1
1798 0
1799 -1
1800 0
1801 -1
1802 0
1803 -1
1804 0
1805 -1
1806 0
1807 -1
1808 0
1809 -1
1810 0
1811 -1
1812 0
1813 -1
1814 0
1815 -1
1816 0
1817 -1
1818 0
1819 -1
1820 0
1821 -1
1822 0
1823 -1
1824 0
1825 -1
1826 0
1827 -1
1828 0
1829 -1
1830 0
1831 -1
1832 0
1833 -1
1834 0
1835 -1
1836 0
1837 -1
1838 0
1839 -1
1840 0
1841 -1
1842 0
1843 -1
1844 0
1845 -1
1846 0
1847 -1
1848 0
1849 -1
1850 0
1851 -1
1852 0
1853 -1
1854 0
1855 -1
1856 0
1857 -1
1858 0
1859 -1
1860 0
1861 -1
1862 0
1863 -1
1864 0
1865 -1
1866 0
1867 -1
1868 0
1869 -1
1870 0
1871 -1
1872 0
1873 -1
1874 0
1875 -1
1876 0
1877 -1
1878 0
1879 -1
1880 0
1881 -1
1882 0
1883 -1
1884 0
1885 -1
1886 0
1887 -1
1888 0
1889 -1
1890 0
1891 -1
1892 0
1893 -1
1894 0
1895 -1
1896 0
1897 -1
1898 0
1899 -1
1900 0
1901 -1
1902 0
1903 -1
1904 0
1905 -1
1906 0
1907 -1
1908 0
1909 -1
1910 0
1911 -1
1912 0
1913 -1
1914 0
1915 -1
1916 0
1917 -1
1918 0
1919 -1
1920 0
1921 -1
1922 0
1923 -1
1924 0
1925 -1
1926 0
1927 -1
1928 0
1929 -1
1930 0
1931 -1
1932 0
1933 -1
1934 0
1935 -1
1936 0
1937 -1
1938 0
1939 -1
1940 0
1941 -1
1942 0
1943 -1
1944 0
1945 -1
1946 0
1947 -1
1948 0
1949 -1
1950 0
1951 -1
1952 0
1953 -1
1954 0
1955 -1
1956 0
1957 -1
1958 0
1959 -1
1960 0
1961 -1
1962 0
1963 -1
1964 0
1965 -1
1966 0
1967 -1
1968 0
1969 -1
1970 0
1971 -1
1972 0
1973 -1
1974 0
1975 -1
1976 0
1977 -1
1978 0
1979 -1
1980 0
1981 -1
1982 0
1983 -1
1984 0
1985 -1
1986 0
1987 -1
1988 0
1989 -1
1990 0
1991 -1
1992 0
1993 -1
1994 0
1995 -1
1996 0
1997 -1
1998 0
1999 -1
2000 0
2001 -1
2001 1
2001 2
2000 1
1999 2
1998 1
1997 2
1996 1
1995 2
1994 1
1993 2
1992 1
1991 2
1990 1
1989 2
1988 1
1987 2
1986 1
1985 2
1984 1
1983 2
1982 1
1981 2
1980 1
1979 2
1978 1
1977 2
1976 1
1975 2
1974 1
1973 2
1972 1
1971 2
1970 1
1969 2
1968 1
1967 2
1966 1
1965 2
1964 1
1963 2
1962 1
1961 2
1960 1
1959 2
1958 1
1957 2
1956 1
1955 2
1954 1
1953 2
1952 1
1951 2
1950 1
1949 2
1948 1
1947 2
1946 1
1945 2
1944 1
1943 2
1942 1
1941 2
1940 1
1939 2
1938 1
1937 2
1936 1
1935 2
1934 1
1933 2
1932 1
1931 2
1930 1
1929 2
1928 1
1927 2
1926 1
1925 2
1924 1
1923 2
1922 1
1921 2
1920 1
1919 2
1918 1
1917 2
1916 1
1915 2
1914 1
1913 2
1912 1
1911 2
1910 1
1909 2
1908 1
1907 2
1906 1
1905 2
1904 1
1903 2
1902 1
1901 2
1900 1
1899 2
1898 1
1897 2
1896 1
1895 2
1894 1
1893 2
1892 1
1891 2
1890 1
1889 2
1888 1
1887 2
1886 1
1885 2
1884 1
1883 2
1882 1
1881 2
1880 1
1879 2
1878 1
1877 2
1876 1
1875 2
1874 1
1873 2
1872 1
1871 2
1870 1
1869 2
1868 1
1867 2
1866 1
1865 2
1864 1
1863 2
1862 1
1861 2
1860 1
1859 2
1858 1
1857 2
1856 1
1855 2
1854 1
1853 2
1852 1
1851 2
1850 1
1849 2
1848 1
1847 2
1846 1
1845 2
1844 1
1843 2
1842 1
1841 2
1840 1
1839 2
1838 1
1837 2
1836 1
1835 2
1834 1
1833 2
1832 1
1831 2
1830 1
1829 2
1828 1
1827 2
1826 1
1825 2
1824 1
1823 2
1822 1
1821 2
1820 1
1819 2
1818 1
1817 2
1816 1
1815 2
1814 1
1813 2
1812 1
1811 2
1810 1
1809 2
1808 1
1807 2
1806 1
1805 2
1804 1
1803 2
1802 1
1801 2
1800 1
1799 2
1798 1
1797 2
1796 1
1795 2
1794 1
1793 2
1792 1
1791 2
1790 1
1789 2
1788 1
1787 2
1786 1
1785 2
1784 1
1783 2
1782 1
1781 2
1780 1
1779 2
1778 1
1777 2
1776 1
1775 2
1774 1
1773 2
1772 1
1771 2
1770 1
1769 2
1768 1
1767 2
1766 1
1765 2
1764 1
1763 2
1762 1
1761 2
1760 1
1759 2
1758 1
1757 2
1756 1
1755 2
1754 1
1753 2
1752 1
1751 2
1750 1
1749 2
1748 1
1747 2
1746 1
1745 2
1744 1
1743 2
1742 1
1741 2
1740 1
1739 2
1738 1
1737 2
1736 1
1735 2
1734 1
1733 2
1732 1
1731 2
1730 1
1729 2
1728 1
1727 2
1726 1
1725 2
1724 1
1723 2
1722 1
1721 2
1720 1
1719 2
1718 1
1717 2
1716 1
1715 2
1714 1
1713 2
1712 1
1711 2
1710 1
1709 2
1708 1
1707 2
1706 1
1705 2
1704 1
1703 2
1702 1
1701 2
1700 1
1699 2
1698 1
1697 2
1696 1
1695 2
1694 1
1693 2
1692 1
1691 2
1690 1
1689 2
1688 1
1687 2
1686 1
1685 2
1684 1
1683 2
1682 1
1681 2
1680 1
1679 2
1678 1
1677 2
1676 1
1675 2
1674 1
1673 2
1672 1
1671 2
1670 1
1669 2
1668 1
1667 2
1666 1
1665 2
1664 1
1663 2
1662 1
1661 2
1660 1
1659 2
1658 1
1657 2
1656 1
1655 2
1654 1
1653 2
1652 1
1651 2
1650 1
1649 2
1648 1
1647 2
1646 1
1645 2
1644 1
1643 2
1642 1
1641 2
1640 1
1639 2
1638 1
1637 2
1636 1
1635 2
1634 1
1633 2
1632 1
1631 2
1630 1
1629 2
1628 1
1627 2
1626 1
1625 2
1624 1
1623 2
1622 1
1621 2
1620 1
1619 2
1618 1
1617 2
1616 1
1615 2
1614 1
1613 2
1612 1
1611 2
1610 1
1609 2
1608 1
1607 2
1606 1
1605 2
1604 1
1603 2
1602 1
1601 2
1600 1
1599 2
1598 1
1597 2
1596 1
1595 2
1594 1
1593 2
1592 1
1591 2
1590 1
1589 2
1588 1
1587 2
1586 1
1585 2
1584 1
1583 2
1582 1
1581 2
1580 1
1579 2
1578 1
1577 2
1576 1
1575 2
1574 1
1573 2
1572 1
1571 2
1570 1
1569 2
1568 1
1567 2
1566 1
1565 2
1564 1
1563 2
1562 1
1561 2
1560 1
1559 2
1558 1
1557 2
1556 1
1555 2
1554 1
1553 2
1552 1
1551 2
1550 1
1549 2
1548 1
1547 2
1546 1
1545 2
1544 1
1543 2
1542 1
1541 2
1540 1
1539 2
1538 1
1537 2
1536 1
1535 2
1534 1
1533 2
1532 1
1531 2
1530 1
1529 2
1528 1
1527 2
1526 1
1525 2
1524 1
1523 2
1522 1
1521 2
1520 1
1519 2
1518 1
1517 2
1516 1
1515 2
1514 1
1513 2
1512 1
1511 2
1510 1
1509 2
1508 1
1507 2
1506 1
1505 2
1504 1
1503 2
1502 1
1501 2
1500 1
1499 2
1498 1
1497 2
1496 1
1495 2
1494 1
1493 2
1492 1
1491 2
1490 1
1489 2
1488 1
1487 2
1486 1
1485 2
1484 1
1483 2
1482 1
1481 2
1480 1
1479 2
1478 1
1477 2
1476 1
1475 2
1474 1
1473 2
1472 1
1471 2
1470 1
1469 2
1468 1
1467 2
1466 1
1465 2
1464 1
1463 2
1462 1
1461 2
1460 1
1459 2
1458 1
1457 2
1456 1
1455 2
1454 1
1453 2
1452 1
1451 2
1450 1
1449 2
1448 1
1447 2
1446 1
1445 2
1444 1
1443 2
1442 1
1441 2
1440 1
1439 2
1438 1
1437 2
1436 1
1435 2
1434 1
1433 2
1432 1
1431 2
1430 1
1429 2
1428 1
1427 2
1426 1
1425 2
1424 1
1423 2
1422 1
1421 2
1420 1
1419 2
1418 1
1417 2
1416 1
1415 2
1414 1
1413 2
1412 1
1411 2
1410 1
1409 2
1408 1
1407 2
1406 1
1405 2
1404 1
1403 2
1402 1
1401 2
1400 1
1399 2
1398 1
1397 2
1396 1
1395 2
1394 1
1393 2
1392 1
1391 2
1390 1
1389 2
1388 1
1387 2
1386 1
1385 2
1384 1
1383 2
1382 1
1381 2
1380 1
1379 2
1378 1
1377 2
1376 1
1375 2
1374 1
1373 2
1372 1
1371 2
1370 1
1369 2
1368 1
1367 2
1366 1
1365 2
1364 1
1363 2
1362 1
1361 2
1360 1
1359 2
1358 1
1357 2
1356 1
1355 2
1354 1
1353 2
1352 1
1351 2
1350 1
1349 2
1348 1
1347 2
1346 1
1345 2
1344 1
1343 2
1342 1
1341 2
1340 1
1339 2
1338 1
1337 2
1336 1
1335 2
1334 1
1333 2
1332 1
1331 2
1330 1
1329 2
1328 1
1327 2
1326 1
1325 2
1324 1
1323 2
1322 1
1321 2
1320 1
1319 2
1318 1
1317 2
1316 1
1315 2
1314 1
1313 2
1312 1
1311 2
1310 1
1309 2
1308 1
1307 2
1306 1
1305 2
1304 1
1303 2
1302 1
1301 2
1300 1
1299 2
1298 1
1297 2
1296 1
1295 2
1294 1
1293 2
1292 1
1291 2
1290 1
1289 2
1288 1
1287 2
1286 1
1285 2
1284 1
1283 2
1282 1
1281 2
1280 1
1279 2
1278 1
1277 2
1276 1
1275 2
1274 1
1273 2
1272 1
1271 2
1270 1
1269 2
1268 1
1267 2
1266 1
1265 2
1264 1
1263 2
1262 1
1261 2
1260 1
1259 2
1258 1
1257 2
1256 1
1255 2
1254 1
1253 2
1252 1
1251 2
1250 1
1249 2
1248 1
1247 2
1246 1
1245 2
1244 1
1243 2
1242 1
1241 2
1240 1
1239 2
1238 1
1237 2
1236 1
1235 2
1234 1
1233 2
1232 1
1231 2
1230 1
1229 2
1228 1
1227 2
1226 1
1225 2
1224 1
1223 2
1222 1
1221 2
1220 1
1219 2
1218 1
1217 2
1216 1
1215 2
1214 1
1213 2
1212 1
1211 2
1210 1
1209 2
1208 1
1207 2
1206 1
1205 2
1204 1
1203 2
1202 1
1201 2
1200 1
1199 2
1198 1
1197 2
1196 1
1195 2
1194 1
1193 2
1192 1
1191 2
1190 1
1189 2
1188 1
1187 2
1186 1
1185 2
1184 1
1183 2
1182 1
1181 2
1180 1
1179 2
1178 1
1177 2
1176 1
1175 2
1174 1
1173 2
1172 1
1171 2
1170 1
1169 2
1168 1
1167 2
1166 1
1165 2
1164 1
1163 2
1162 1
1161 2
1160 1
1159 2
1158 1
1157 2
1156 1
1155 2
1154 1
1153 2
1152 1
1151 2
1150 1
1149 2
1148 1
1147 2
1146 1
1145 2
1144 1
1143 2
1142 1
1141 2
1140 1
1139 2
1138 1
1137 2
1136 1
1135 2
1134 1
1133 2
1132 1
1131 2
1130 1
1129 2
1128 1
1127 2
1126 1
1125 2
1124 1
1123 2
1122 1
1121 2
1120 1
1119 2
1118 1
1117 2
1116 1
1115 2
1114 1
1113 2
1112 1
1111 2
1110 1
1109 2
1108 1
1107 2
1106 1
1105 2
1104 1
1103 2
1102 1
1101 2
1100 1
1099 2
1098 1
1097 2
1096 1
1095 2
1094 1
1093 2
1092 1
1091 2
1090 1
1089 2
1088 1
1087 2
1086 1
1085 2
1084 1
1083 2
1082 1
1081 2
1080 1
1079 2
1078 1
1077 2
1076 1
1075 2
1074 1
1073 2
1072 1
1071 2
1070 1
1069 2
1068 1
1067 2
1066 1
1065 2
1064 1
1063 2
1062 1
1061 2
1060 1
1059 2
1058 1
1057 2
1056 1
1055 2
1054 1
1053 2
1052 1
1051 2
1050 1
1049 2
1048 1
1047 2
1046 1
1045 2
1044 1
1043 2
1042 1
1041 2
1040 1
1039 2
1038 1
1037 2
1036 1
1035 2
1034 1
1033 2
1032 1
1031 2
1030 1
1029 2
1028 1
1027 2
1026 1
1025 2
1024 1
1023 2
1022 1
1021 2
1020 1
1019 2
1018 1
1017 2
1016 1
1015 2
1014 1
1013 2
1012 1
1011 2
1010 1
1009 2
1008 1
1007 2
1006 1
1005 2
1004 1
1003 2
1002 1
1001 2
1000 1
999 2
998 1
997 2
996 1
995 2
994 1
993 2
992 1
991 2
990 1
989 2
988 1
987 2
986 1
985 2
984 1
983 2
982 1
981 2
980 1
979 2
978 1
977 2
976 1
975 2
974 1
973 2
972 1
971 2
970 1
969 2
968 1
967 2
966 1
965 2
964 1
963 2
962 1
961 2
960 1
959 2
958 1
957 2
956 1
955 2
954 1
953 2
952 1
951 2
950 1
949 2
948 1
947 2
946 1
945 2
944 1
943 2
942 1
941 2
940 1
939 2
938 1
937 2
936 1
935 2
934 1
933 2
932 1
931 2
930 1
929 2
928 1
927 2
926 1
925 2
924 1
923 2
922 1
921 2
920 1
919 2
918 1
917 2
916 1
915 2
914 1
913 2
912 1
911 2
910 1
909 2
908 1
907 2
906 1
905 2
904 1
903 2
902 1
901 2
900 1
899 2
898 1
897 2
896 1
895 2
894 1
893 2
892 1
891 2
890 1
889 2
888 1
887 2
886 1
885 2
884 1
883 2
882 1
881 2
880 1
879 2
878 1
877 2
876 1
875 2
874 1
873 2
872 1
871 2
870 1
869 2
868 1
867 2
866 1
865 2
864 1
863 2
862 1
861 2
860 1
859 2
858 1
857 2
856 1
855 2
854 1
853 2
852 1
851 2
850 1
849 2
848 1
847 2
846 1
845 2
844 1
843 2
842 1
841 2
840 1
839 2
838 1
837 2
836 1
835 2
834 1
833 2
832 1
831 2
830 1
829 2
828 1
827 2
826 1
825 2
824 1
823 2
822 1
821 2
820 1
819 2
818 1
817 2
816 1
815 2
814 1
813 2
812 1
811 2
810 1
809 2
808 1
807 2
806 1
805 2
804 1
803 2
802 1
801 2
800 1
799 2
798 1
797 2
796 1
795 2
794 1
793 2
792 1
791 2
790 1
789 2
788 1
787 2
786 1
785 2
784 1
783 2
782 1
781 2
780 1
779 2
778 1
777 2
776 1
775 2
774 1
773 2
772 1
771 2
770 1
769 2
768 1
767 2
766 1
765 2
764 1
763 2
762 1
761 2
760 1
759 2
758 1
757 2
756 1
755 2
754 1
753 2
752 1
751 2
750 1
749 2
748 1
747 2
746 1
745 2
744 1
743 2
742 1
741 2
740 1
739 2
738 1
737 2
736 1
735 2
734 1
733 2
732 1
731 2
730 1
729 2
728 1
727 2
726 1
725 2
724 1
723 2
722 1
721 2
720 1
719 2
718 1
717 2
716 1
715 2
714 1
713 2
712 1
711 2
710 1
709 2
708 1
707 2
706 1
705 2
704 1
703 2
702 1
701 2
700 1
699 2
698 1
697 2
696 1
695 2
694 1
693 2
692 1
691 2
690 1
689 2
688 1
687 2
686 1
685 2
684 1
683 2
682 1
681 2
680 1
679 2
678 1
677 2
676 1
675 2
674 1
673 2
672 1
671 2
670 1
669 2
668 1
667 2
666 1
665 2
664 1
663 2
662 1
661 2
660 1
659 2
658 1
657 2
656 1
655 2
654 1
653 2
652 1
651 2
650 1
649 2
648 1
647 2
646 1
645 2
644 1
643 2
642 1
641 2
640 1
639 2
638 1
637 2
636 1
635 2
634 1
633 2
632 1
631 2
630 1
629 2
628 1
627 2
626 1
625 2
624 1
623 2
622 1
621 2
620 1
619 2
618 1
617 2
616 1
615 2
614 1
613 2
612 1
611 2
610 1
609 2
608 1
607 2
606 1
605 2
604 1
603 2
602 1
601 2
600 1
599 2
598 1
597 2
596 1
595 2
594 1
593 2
592 1
591 2
590 1
589 2
588 1
587 2
586 1
585 2
584 1
583 2
582 1
581 2
580 1
579 2
578 1
577 2
576 1
575 2
574 1
573 2
572 1
571 2
570 1
569 2
568 1
567 2
566 1
565 2
564 1
563 2
562 1
561 2
560 1
559 2
558 1
557 2
556 1
555 2
554 1
553 2
552 1
551 2
550 1
549 2
548 1
547 2
546 1
545 2
544 1
543 2
542 1
541 2
540 1
539 2
538 1
537 2
536 1
535 2
534 1
533 2
532 1
531 2
530 1
529 2
528 1
527 2
526 1
525 2
524 1
523 2
522 1
521 2
520 1
519 2
518 1
517 2
516 1
515 2
514 1
513 2
512 1
511 2
510 1
509 2
508 1
507 2
506 1
505 2
504 1
503 2
502 1
501 2
500 1
499 2
498 1
497 2
496 1
495 2
494 1
493 2
492 1
491 2
490 1
489 2
488 1
487 2
486 1
485 2
484 1
483 2
482 1
481 2
480 1
479 2
478 1
477 2
476 1
475 2
474 1
473 2
472 1
471 2
470 1
469 2
468 1
467 2
466 1
465 2
464 1
463 2
462 1
461 2
460 1
459 2
458 1
457 2
456 1
455 2
454 1
453 2
452 1
451 2
450 1
449 2
448 1
447 2
446 1
445 2
444 1
443 2
442 1
441 2
440 1
439 2
438 1
437 2
436 1
435 2
434 1
433 2
432 1
431 2
430 1
429 2
428 1
427 2
426 1
425 2
424 1
423 2
422 1
421 2
420 1
419 2
418 1
417 2
416 1
415 2
414 1
413 2
412 1
411 2
410 1
409 2
408 1
407 2
406 1
405 2
404 1
403 2
402 1
401 2
400 1
399 2
398 1
397 2
396 1
395 2
394 1
393 2
392 1
391 2
390 1
389 2
388 1
387 2
386 1
385 2
384 1
383 2
382 1
381 2
380 1
379 2
378 1
377 2
376 1
375 2
374 1
373 2
372 1
371 2
370 1
369 2
368 1
367 2
366 1
365 2
364 1
363 2
362 1
361 2
360 1
359 2
358 1
357 2
356 1
355 2
354 1
353 2
352 1
351 2
350 1
349 2
348 1
347 2
346 1
345 2
344 1
343 2
342 1
341 2
340 1
339 2
338 1
337 2
336 1
335 2
334 1
333 2
332 1
331 2
330 1
329 2
328 1
327 2
326 1
325 2
324 1
323 2
322 1
321 2
320 1
319 2
318 1
317 2
316 1
315 2
314 1
313 2
312 1
311 2
310 1
309 2
308 1
307 2
306 1
305 2
304 1
303 2
302 1
301 2
300 1
299 2
298 1
297 2
296 1
295 2
294 1
293 2
292 1
291 2
290 1
289 2
288 1
287 2
286 1
285 2
284 1
283 2
282 1
281 2
280 1
279 2
278 1
277 2
276 1
275 2
274 1
273 2
272 1
271 2
270 1
269 2
268 1
267 2
266 1
265 2
264 1
263 2
262 1
261 2
260 1
259 2
258 1
257 2
256 1
255 2
254 1
253 2
252 1
251 2
250 1
249 2
248 1
247 2
246 1
245 2
244 1
243 2
242 1
241 2
240 1
239 2
238 1
237 2
236 1
235 2
234 1
233 2
232 1
231 2
230 1
229 2
228 1
227 2
226 1
225 2
224 1
223 2
222 1
221 2
220 1
219 2
218 1
217 2
216 1
215 2
214 1
213 2
212 1
211 2
210 1
209 2
208 1
207 2
206 1
205 2
204 1
203 2
202 1
201 2
200 1
199 2
198 1
197 2
196 1
195 2
194 1
193 2
192 1
191 2
190 1
189 2
188 1
187 2
186 1
185 2
184 1
183 2
182 1
181 2
180 1
179 2
178 1
177 2
176 1
175 2
174 1
173 2
172 1
171 2
170 1
169 2
168 1
167 2
166 1
165 2
164 1
163 2
162 1
161 2
160 1
159 2
158 1
157 2
156 1
155 2
154 1
153 2
152 1
151 2
150 1
149 2
148 1
147 2
146 1
145 2
144 1
143 2
142 1
141 2
140 1
139 2
138 1
137 2
136 1
135 2
134 1
133 2
132 1
131 2
130 1
129 2
128 1
127 2
126 1
125 2
124 1
123 2
122 1
121 2
120 1
119 2
118 1
117 2
116 1
115 2
114 1
113 2
112 1
111 2
110 1
109 2
108 1
107 2
106 1
105 2
104 1
103 2
102 1
101 2
100 1
99 2
98 1
97 2
96 1
95 2
94 1
93 2
92 1
91 2
90 1
89 2
88 1
87 2
86 1
85 2
84 1
83 2
82 1
81 2
80 1
79 2
78 1
77 2
76 1
75 2
74 1
73 2
72 1
71 2
70 1
69 2
68 1
67 2
66 1
65 2
64 1
63 2
62 1
61 2
60 1
59 2
58 1
57 2
56 1
55 2
54 1
53 2
52 1
51 2
50 1
49 2
48 1
47 2
46 1
45 2
44 1
43 2
42 1
41 2
40 1
39 2
38 1
37 2
36 1
35 2
34 1
33 2
32 1
31 2
30 1
29 2
28 1
27 2
26 1
25 2
24 1
23 2
22 1
21 2
20 1
19 2
18 1
17 2
16 1
15 2
14 1
13 2
12 1
11 2
10 1
9 2
8 1
7 2
6 1
5 2
4 1
3 2
2 1
1 1
