0 0
1 2
2 0
3 2
4 0
5 2
6 0
7 2
8 0
9 2
10 0
11 2
12 0
13 2
14 0
15 2
16 0
17 2
18 0
19 2
20 0
21 2
22 0
23 2
24 0
25 2
26 0
27 2
28 0
29 2
30 0
31 2
32 0
33 2
34 0
35 2
36 0
37 2
38 0
39 2
40 0
41 2
42 0
43 2
44 0
45 2
46 0
47 2
48 0
49 2
50 0
51 2
52 0
53 2
54 0
55 2
56 0
57 2
58 0
59 2
60 0
61 2
62 0
63 2
64 0
65 2
66 0
67 2
68 0
69 2
70 0
71 2
72 0
73 2
74 0
75 2
76 0
77 2
78 0
79 2
80 0
81 2
82 0
83 2
84 0
85 2
86 0
87 2
88 0
89 2
90 0
91 2
92 0
93 2
94 0
95 2
96 0
97 2
98 0
99 2
100 0
100 1
99 3
98 1
97 3
96 1
95 3
94 1
93 3
92 1
91 3
90 1
89 3
88 1
87 3
86 1
85 3
84 1
83 3
82 1
81 3
80 1
79 3
78 1
77 3
76 1
75 3
74 1
73 3
72 1
71 3
70 1
69 3
68 1
67 3
66 1
65 3
64 1
63 3
62 1
61 3
60 1
59 3
58 1
57 3
56 1
55 3
54 1
53 3
52 1
51 3
50 1
49 3
48 1
47 3
46 1
45 3
44 1
43 3
42 1
41 3
40 1
39 3
38 1
37 3
36 1
35 3
34 1
33 3
32 1
31 3
30 1
29 3
28 1
27 3
26 1
25 3
24 1
23 3
22 1
21 3
20 1
19 3
18 1
17 3
16 1
15 3
14 1
13 3
12 1
11 3
10 1
9 3
8 1
7 3
6 1
5 3
4 1
3 3
2 1
1 3
0 1
