0 0
1 1
2 3
3 1
4 0
5 1
6 3
7 1
8 0
9 1
10 3
11 1
12 0
13 1
14 3
15 1
16 0
17 1
18 3
19 1
20 0
21 1
22 3
23 1
24 0
25 1
26 3
27 1
28 0
29 1
30 3
31 1
32 0
33 1
34 3
35 1
36 0
37 1
38 3
39 1
40 0
41 1
42 3
43 1
44 0
45 1
46 3
47 1
48 0
49 1
50 3
51 1
52 0
53 1
54 3
55 1
56 0
57 1
58 3
59 1
60 0
61 1
62 3
63 1
64 0
65 1
66 3
67 1
68 0
69 1
70 3
71 1
72 0
73 1
74 3
75 1
76 0
77 1
78 3
79 1
80 0
81 1
82 3
83 1
84 0
85 1
86 3
87 1
88 0
89 1
90 3
91 1
92 0
93 1
94 3
95 1
96 0
97 1
98 3
99 1
100 0
101 1
102 3
103 1
104 0
105 1
106 3
107 1
108 0
109 1
110 3
111 1
112 0
113 1
114 3
115 1
116 0
117 1
118 3
119 1
120 0
121 1
122 3
123 1
124 0
125 1
126 3
127 1
128 0
129 1
130 3
131 1
132 0
133 1
134 3
135 1
136 0
137 1
138 3
139 1
140 0
141 1
142 3
143 1
144 0
145 1
146 3
147 1
148 0
149 1
150 3
151 1
152 0
153 1
154 3
155 1
156 0
157 1
158 3
159 1
160 0
161 1
162 3
163 1
164 0
165 1
166 3
167 1
168 0
169 1
170 3
171 1
172 0
173 1
174 3
175 1
176 0
177 1
178 3
179 1
180 0
181 1
182 3
183 1
184 0
185 1
186 3
187 1
188 0
189 1
190 3
191 1
192 0
193 1
194 3
195 1
196 0
197 1
198 3
199 1
200 0
201 1
202 3
203 1
204 0
205 1
206 3
207 1
208 0
209 1
210 3
211 1
212 0
213 1
214 3
215 1
216 0
217 1
218 3
219 1
220 0
221 1
222 3
223 1
224 0
225 1
226 3
227 1
228 0
229 1
230 3
231 1
232 0
233 1
234 3
235 1
236 0
237 1
238 3
239 1
240 0
241 1
242 3
243 1
244 0
245 1
246 3
247 1
248 0
249 1
250 3
251 1
252 0
253 1
254 3
255 1
256 0
257 1
258 3
259 1
260 0
261 1
262 3
263 1
264 0
265 1
266 3
267 1
268 0
269 1
270 3
271 1
272 0
273 1
274 3
275 1
276 0
277 1
278 3
279 1
280 0
281 1
282 3
283 1
284 0
285 1
286 3
287 1
288 0
289 1
290 3
291 1
292 0
293 1
294 3
295 1
296 0
297 1
298 3
299 1
300 0
301 1
302 3
303 1
304 0
305 1
306 3
307 1
308 0
309 1
310 3
311 1
312 0
313 1
314 3
315 1
316 0
317 1
318 3
319 1
320 0
321 1
322 3
323 1
324 0
325 1
326 3
327 1
328 0
329 1
330 3
331 1
332 0
333 1
334 3
335 1
336 0
337 1
338 3
339 1
340 0
341 1
342 3
343 1
344 0
345 1
346 3
347 1
348 0
349 1
350 3
351 1
352 0
353 1
354 3
355 1
356 0
357 1
358 3
359 1
360 0
361 1
362 3
363 1
364 0
365 1
366 3
367 1
368 0
369 1
370 3
371 1
372 0
373 1
374 3
375 1
376 0
377 1
378 3
379 1
380 0
381 1
382 3
383 1
384 0
385 1
386 3
387 1
388 0
389 1
390 3
391 1
392 0
393 1
394 3
395 1
396 0
397 1
398 3
399 1
400 0
401 1
402 3
403 1
404 0
405 1
406 3
407 1
408 0
409 1
410 3
411 1
412 0
413 1
414 3
415 1
416 0
417 1
418 3
419 1
420 0
421 1
422 3
423 1
424 0
425 1
426 3
427 1
428 0
429 1
430 3
431 1
432 0
433 1
434 3
435 1
436 0
437 1
438 3
439 1
440 0
441 1
442 3
443 1
444 0
445 1
446 3
447 1
448 0
449 1
450 3
451 1
452 0
453 1
454 3
455 1
456 0
457 1
458 3
459 1
460 0
461 1
462 3
463 1
464 0
465 1
466 3
467 1
468 0
469 1
470 3
471 1
472 0
473 1
474 3
475 1
476 0
477 1
478 3
479 1
480 0
481 1
482 3
483 1
484 0
485 1
486 3
487 1
488 0
489 1
490 3
491 1
492 0
493 1
494 3
495 1
496 0
497 1
498 3
499 1
500 0
500 1
499 2
498 4
497 2
496 1
495 2
494 4
493 2
492 1
491 2
490 4
489 2
488 1
487 2
486 4
485 2
484 1
483 2
482 4
481 2
480 1
479 2
478 4
477 2
476 1
475 2
474 4
473 2
472 1
471 2
470 4
469 2
468 1
467 2
466 4
465 2
464 1
463 2
462 4
461 2
460 1
459 2
458 4
457 2
456 1
455 2
454 4
453 2
452 1
451 2
450 4
449 2
448 1
447 2
446 4
445 2
444 1
443 2
442 4
441 2
440 1
439 2
438 4
437 2
436 1
435 2
434 4
433 2
432 1
431 2
430 4
429 2
428 1
427 2
426 4
425 2
424 1
423 2
422 4
421 2
420 1
419 2
418 4
417 2
416 1
415 2
414 4
413 2
412 1
411 2
410 4
409 2
408 1
407 2
406 4
405 2
404 1
403 2
402 4
401 2
400 1
399 2
398 4
397 2
396 1
395 2
394 4
393 2
392 1
391 2
390 4
389 2
388 1
387 2
386 4
385 2
384 1
383 2
382 4
381 2
380 1
379 2
378 4
377 2
376 1
375 2
374 4
373 2
372 1
371 2
370 4
369 2
368 1
367 2
366 4
365 2
364 1
363 2
362 4
361 2
360 1
359 2
358 4
357 2
356 1
355 2
354 4
353 2
352 1
351 2
350 4
349 2
348 1
347 2
346 4
345 2
344 1
343 2
342 4
341 2
340 1
339 2
338 4
337 2
336 1
335 2
334 4
333 2
332 1
331 2
330 4
329 2
328 1
327 2
326 4
325 2
324 1
323 2
322 4
321 2
320 1
319 2
318 4
317 2
316 1
315 2
314 4
313 2
312 1
311 2
310 4
309 2
308 1
307 2
306 4
305 2
304 1
303 2
302 4
301 2
300 1
299 2
298 4
297 2
296 1
295 2
294 4
293 2
292 1
291 2
290 4
289 2
288 1
287 2
286 4
285 2
284 1
283 2
282 4
281 2
280 1
279 2
278 4
277 2
276 1
275 2
274 4
273 2
272 1
271 2
270 4
269 2
268 1
267 2
266 4
265 2
264 1
263 2
262 4
261 2
260 1
259 2
258 4
257 2
256 1
255 2
254 4
253 2
252 1
251 2
250 4
249 2
248 1
247 2
246 4
245 2
244 1
243 2
242 4
241 2
240 1
239 2
238 4
237 2
236 1
235 2
234 4
233 2
232 1
231 2
230 4
229 2
228 1
227 2
226 4
225 2
224 1
223 2
222 4
221 2
220 1
219 2
218 4
217 2
216 1
215 2
214 4
213 2
212 1
211 2
210 4
209 2
208 1
207 2
206 4
205 2
204 1
203 2
202 4
201 2
200 1
199 2
198 4
197 2
196 1
195 2
194 4
193 2
192 1
191 2
190 4
189 2
188 1
187 2
186 4
185 2
184 1
183 2
182 4
181 2
180 1
179 2
178 4
177 2
176 1
175 2
174 4
173 2
172 1
171 2
170 4
169 2
168 1
167 2
166 4
165 2
164 1
163 2
162 4
161 2
160 1
159 2
158 4
157 2
156 1
155 2
154 4
153 2
152 1
151 2
150 4
149 2
148 1
147 2
146 4
145 2
144 1
143 2
142 4
141 2
140 1
139 2
138 4
137 2
136 1
135 2
134 4
133 2
132 1
131 2
130 4
129 2
128 1
127 2
126 4
125 2
124 1
123 2
122 4
121 2
120 1
119 2
118 4
117 2
116 1
115 2
114 4
113 2
112 1
111 2
110 4
109 2
108 1
107 2
106 4
105 2
104 1
103 2
102 4
101 2
100 1
99 2
98 4
97 2
96 1
95 2
94 4
93 2
92 1
91 2
90 4
89 2
88 1
87 2
86 4
85 2
84 1
83 2
82 4
81 2
80 1
79 2
78 4
77 2
76 1
75 2
74 4
73 2
72 1
71 2
70 4
69 2
68 1
67 2
66 4
65 2
64 1
63 2
62 4
61 2
60 1
59 2
58 4
57 2
56 1
55 2
54 4
53 2
52 1
51 2
50 4
49 2
48 1
47 2
46 4
45 2
44 1
43 2
42 4
41 2
40 1
39 2
38 4
37 2
36 1
35 2
34 4
33 2
32 1
31 2
30 4
29 2
28 1
27 2
26 4
25 2
24 1
23 2
22 4
21 2
20 1
19 2
18 4
17 2
16 1
15 2
14 4
13 2
12 1
11 2
10 4
9 2
8 1
7 2
6 4
5 2
4 1
3 2
2 4
1 2
0 1
