0 0
1 2
2 3
3 2
4 0
5 2
6 3
7 2
8 0
9 2
10 3
11 2
12 0
13 2
14 3
15 2
16 0
17 2
18 3
19 2
20 0
21 2
22 3
23 2
24 0
25 2
26 3
27 2
28 0
29 2
30 3
31 2
32 0
33 2
34 3
35 2
36 0
37 2
38 3
39 2
40 0
41 2
42 3
43 2
44 0
45 2
46 3
47 2
48 0
49 2
50 3
51 2
52 0
53 2
54 3
55 2
56 0
57 2
58 3
59 2
60 0
61 2
62 3
63 2
64 0
65 2
66 3
67 2
68 0
69 2
70 3
71 2
72 0
73 2
74 3
75 2
76 0
77 2
78 3
79 2
80 0
81 2
82 3
83 2
84 0
85 2
86 3
87 2
88 0
89 2
90 3
91 2
92 0
93 2
94 3
95 2
96 0
97 2
98 3
99 2
100 0
101 2
102 3
103 2
104 0
105 2
106 3
107 2
108 0
109 2
110 3
111 2
112 0
113 2
114 3
115 2
116 0
117 2
118 3
119 2
120 0
121 2
122 3
123 2
124 0
125 2
126 3
127 2
128 0
129 2
130 3
131 2
132 0
133 2
134 3
135 2
136 0
137 2
138 3
139 2
140 0
141 2
142 3
143 2
144 0
145 2
146 3
147 2
148 0
149 2
150 3
151 2
152 0
153 2
154 3
155 2
156 0
157 2
158 3
159 2
160 0
161 2
162 3
163 2
164 0
165 2
166 3
167 2
168 0
169 2
170 3
171 2
172 0
173 2
174 3
175 2
176 0
177 2
178 3
179 2
180 0
181 2
182 3
183 2
184 0
185 2
186 3
187 2
188 0
189 2
190 3
191 2
192 0
193 2
194 3
195 2
196 0
197 2
198 3
199 2
200 0
201 2
202 3
203 2
204 0
205 2
206 3
207 2
208 0
209 2
210 3
211 2
212 0
213 2
214 3
215 2
216 0
217 2
218 3
219 2
220 0
221 2
222 3
223 2
224 0
225 2
226 3
227 2
228 0
229 2
230 3
231 2
232 0
233 2
234 3
235 2
236 0
237 2
238 3
239 2
240 0
241 2
242 3
243 2
244 0
245 2
246 3
247 2
248 0
249 2
250 3
251 2
252 0
253 2
254 3
255 2
256 0
257 2
258 3
259 2
260 0
261 2
262 3
263 2
264 0
265 2
266 3
267 2
268 0
269 2
270 3
271 2
272 0
273 2
274 3
275 2
276 0
277 2
278 3
279 2
280 0
281 2
282 3
283 2
284 0
285 2
286 3
287 2
288 0
289 2
290 3
291 2
292 0
293 2
294 3
295 2
296 0
297 2
298 3
299 2
300 0
301 2
302 3
303 2
304 0
305 2
306 3
307 2
308 0
309 2
310 3
311 2
312 0
313 2
314 3
315 2
316 0
317 2
318 3
319 2
320 0
321 2
322 3
323 2
324 0
325 2
326 3
327 2
328 0
329 2
330 3
331 2
332 0
333 2
334 3
335 2
336 0
337 2
338 3
339 2
340 0
341 2
342 3
343 2
344 0
345 2
346 3
347 2
348 0
349 2
350 3
351 2
352 0
353 2
354 3
355 2
356 0
357 2
358 3
359 2
360 0
361 2
362 3
363 2
364 0
365 2
366 3
367 2
368 0
369 2
370 3
371 2
372 0
373 2
374 3
375 2
376 0
377 2
378 3
379 2
380 0
381 2
382 3
383 2
384 0
385 2
386 3
387 2
388 0
389 2
390 3
391 2
392 0
393 2
394 3
395 2
396 0
397 2
398 3
399 2
400 0
401 2
402 3
403 2
404 0
405 2
406 3
407 2
408 0
409 2
410 3
411 2
412 0
413 2
414 3
415 2
416 0
417 2
418 3
419 2
420 0
421 2
422 3
423 2
424 0
425 2
426 3
427 2
428 0
429 2
430 3
431 2
432 0
433 2
434 3
435 2
436 0
437 2
438 3
439 2
440 0
441 2
442 3
443 2
444 0
445 2
446 3
447 2
448 0
449 2
450 3
451 2
452 0
453 2
454 3
455 2
456 0
457 2
458 3
459 2
460 0
461 2
462 3
463 2
464 0
465 2
466 3
467 2
468 0
469 2
470 3
471 2
472 0
473 2
474 3
475 2
476 0
477 2
478 3
479 2
480 0
481 2
482 3
483 2
484 0
485 2
486 3
487 2
488 0
489 2
490 3
491 2
492 0
493 2
494 3
495 2
496 0
497 2
498 3
499 2
500 0
500 1
499 3
498 4
497 3
496 1
495 3
494 4
493 3
492 1
491 3
490 4
489 3
488 1
487 3
486 4
485 3
484 1
483 3
482 4
481 3
480 1
479 3
478 4
477 3
476 1
475 3
474 4
473 3
472 1
471 3
470 4
469 3
468 1
467 3
466 4
465 3
464 1
463 3
462 4
461 3
460 1
459 3
458 4
457 3
456 1
455 3
454 4
453 3
452 1
451 3
450 4
449 3
448 1
447 3
446 4
445 3
444 1
443 3
442 4
441 3
440 1
439 3
438 4
437 3
436 1
435 3
434 4
433 3
432 1
431 3
430 4
429 3
428 1
427 3
426 4
425 3
424 1
423 3
422 4
421 3
420 1
419 3
418 4
417 3
416 1
415 3
414 4
413 3
412 1
411 3
410 4
409 3
408 1
407 3
406 4
405 3
404 1
403 3
402 4
401 3
400 1
399 3
398 4
397 3
396 1
395 3
394 4
393 3
392 1
391 3
390 4
389 3
388 1
387 3
386 4
385 3
384 1
383 3
382 4
381 3
380 1
379 3
378 4
377 3
376 1
375 3
374 4
373 3
372 1
371 3
370 4
369 3
368 1
367 3
366 4
365 3
364 1
363 3
362 4
361 3
360 1
359 3
358 4
357 3
356 1
355 3
354 4
353 3
352 1
351 3
350 4
349 3
348 1
347 3
346 4
345 3
344 1
343 3
342 4
341 3
340 1
339 3
338 4
337 3
336 1
335 3
334 4
333 3
332 1
331 3
330 4
329 3
328 1
327 3
326 4
325 3
324 1
323 3
322 4
321 3
320 1
319 3
318 4
317 3
316 1
315 3
314 4
313 3
312 1
311 3
310 4
309 3
308 1
307 3
306 4
305 3
304 1
303 3
302 4
301 3
300 1
299 3
298 4
297 3
296 1
295 3
294 4
293 3
292 1
291 3
290 4
289 3
288 1
287 3
286 4
285 3
284 1
283 3
282 4
281 3
280 1
279 3
278 4
277 3
276 1
275 3
274 4
273 3
272 1
271 3
270 4
269 3
268 1
267 3
266 4
265 3
264 1
263 3
262 4
261 3
260 1
259 3
258 4
257 3
256 1
255 3
254 4
253 3
252 1
251 3
250 4
249 3
248 1
247 3
246 4
245 3
244 1
243 3
242 4
241 3
240 1
239 3
238 4
237 3
236 1
235 3
234 4
233 3
232 1
231 3
230 4
229 3
228 1
227 3
226 4
225 3
224 1
223 3
222 4
221 3
220 1
219 3
218 4
217 3
216 1
215 3
214 4
213 3
212 1
211 3
210 4
209 3
208 1
207 3
206 4
205 3
204 1
203 3
202 4
201 3
200 1
199 3
198 4
197 3
196 1
195 3
194 4
193 3
192 1
191 3
190 4
189 3
188 1
187 3
186 4
185 3
184 1
183 3
182 4
181 3
180 1
179 3
178 4
177 3
176 1
175 3
174 4
173 3
172 1
171 3
170 4
169 3
168 1
167 3
166 4
165 3
164 1
163 3
162 4
161 3
160 1
159 3
158 4
157 3
156 1
155 3
154 4
153 3
152 1
151 3
150 4
149 3
148 1
147 3
146 4
145 3
144 1
143 3
142 4
141 3
140 1
139 3
138 4
137 3
136 1
135 3
134 4
133 3
132 1
131 3
130 4
129 3
128 1
127 3
126 4
125 3
124 1
123 3
122 4
121 3
120 1
119 3
118 4
117 3
116 1
115 3
114 4
113 3
112 1
111 3
110 4
109 3
108 1
107 3
106 4
105 3
104 1
103 3
102 4
101 3
100 1
99 3
98 4
97 3
96 1
95 3
94 4
93 3
92 1
91 3
90 4
89 3
88 1
87 3
86 4
85 3
84 1
83 3
82 4
81 3
80 1
79 3
78 4
77 3
76 1
75 3
74 4
73 3
72 1
71 3
70 4
69 3
68 1
67 3
66 4
65 3
64 1
63 3
62 4
61 3
60 1
59 3
58 4
57 3
56 1
55 3
54 4
53 3
52 1
51 3
50 4
49 3
48 1
47 3
46 4
45 3
44 1
43 3
42 4
41 3
40 1
39 3
38 4
37 3
36 1
35 3
34 4
33 3
32 1
31 3
30 4
29 3
28 1
27 3
26 4
25 3
24 1
23 3
22 4
21 3
20 1
19 3
18 4
17 3
16 1
15 3
14 4
13 3
12 1
11 3
10 4
9 3
8 1
7 3
6 4
5 3
4 1
3 3
2 4
1 3
0 1
