0 0
1 2
2 3
3 2
4 0
5 2
6 3
7 2
8 0
9 2
10 3
11 2
12 0
13 2
14 3
15 2
16 0
17 2
18 3
19 2
20 0
21 2
22 3
23 2
24 0
25 2
26 3
27 2
28 0
29 2
30 3
31 2
32 0
33 2
34 3
35 2
36 0
37 2
38 3
39 2
40 0
41 2
42 3
43 2
44 0
45 2
46 3
47 2
48 0
49 2
50 3
51 2
52 0
53 2
54 3
55 2
56 0
57 2
58 3
59 2
60 0
61 2
62 3
63 2
64 0
65 2
66 3
67 2
68 0
69 2
70 3
71 2
72 0
73 2
74 3
75 2
76 0
77 2
78 3
79 2
80 0
81 2
82 3
83 2
84 0
85 2
86 3
87 2
88 0
89 2
90 3
91 2
92 0
93 2
94 3
95 2
96 0
97 2
98 3
99 2
100 0
101 2
102 3
103 2
104 0
105 2
106 3
107 2
108 0
109 2
110 3
111 2
112 0
113 2
114 3
115 2
116 0
117 2
118 3
119 2
120 0
121 2
122 3
123 2
124 0
125 2
126 3
127 2
128 0
129 2
130 3
131 2
132 0
133 2
134 3
135 2
136 0
137 2
138 3
139 2
140 0
141 2
142 3
143 2
144 0
145 2
146 3
147 2
148 0
149 2
150 3
151 2
152 0
153 2
154 3
155 2
156 0
157 2
158 3
159 2
160 0
161 2
162 3
163 2
164 0
165 2
166 3
167 2
168 0
169 2
170 3
171 2
172 0
173 2
174 3
175 2
176 0
177 2
178 3
179 2
180 0
181 2
182 3
183 2
184 0
185 2
186 3
187 2
188 0
189 2
190 3
191 2
192 0
193 2
194 3
195 2
196 0
197 2
198 3
199 2
200 0
201 2
202 3
203 2
204 0
205 2
206 3
207 2
208 0
209 2
210 3
211 2
212 0
213 2
214 3
215 2
216 0
217 2
218 3
219 2
220 0
221 2
222 3
223 2
224 0
225 2
226 3
227 2
228 0
229 2
230 3
231 2
232 0
233 2
234 3
235 2
236 0
237 2
238 3
239 2
240 0
241 2
242 3
243 2
244 0
245 2
246 3
247 2
248 0
249 2
250 3
251 2
252 0
253 2
254 3
255 2
256 0
257 2
258 3
259 2
260 0
261 2
262 3
263 2
264 0
265 2
266 3
267 2
268 0
269 2
270 3
271 2
272 0
273 2
274 3
275 2
276 0
277 2
278 3
279 2
280 0
281 2
282 3
283 2
284 0
285 2
286 3
287 2
288 0
289 2
290 3
291 2
292 0
293 2
294 3
295 2
296 0
297 2
298 3
299 2
300 0
301 2
302 3
303 2
304 0
305 2
306 3
307 2
308 0
309 2
310 3
311 2
312 0
313 2
314 3
315 2
316 0
317 2
318 3
319 2
320 0
321 2
322 3
323 2
324 0
325 2
326 3
327 2
328 0
329 2
330 3
331 2
332 0
333 2
334 3
335 2
336 0
337 2
338 3
339 2
340 0
341 2
342 3
343 2
344 0
345 2
346 3
347 2
348 0
349 2
350 3
351 2
352 0
353 2
354 3
355 2
356 0
357 2
358 3
359 2
360 0
361 2
362 3
363 2
364 0
365 2
366 3
367 2
368 0
369 2
370 3
371 2
372 0
373 2
374 3
375 2
376 0
377 2
378 3
379 2
380 0
381 2
382 3
383 2
384 0
385 2
386 3
387 2
388 0
389 2
390 3
391 2
392 0
393 2
394 3
395 2
396 0
397 2
398 3
399 2
400 0
401 2
402 3
403 2
404 0
405 2
406 3
407 2
408 0
409 2
410 3
411 2
412 0
413 2
414 3
415 2
416 0
417 2
418 3
419 2
420 0
421 2
422 3
423 2
424 0
425 2
426 3
427 2
428 0
429 2
430 3
431 2
432 0
433 2
434 3
435 2
436 0
437 2
438 3
439 2
440 0
441 2
442 3
443 2
444 0
445 2
446 3
447 2
448 0
449 2
450 3
451 2
452 0
453 2
454 3
455 2
456 0
457 2
458 3
459 2
460 0
461 2
462 3
463 2
464 0
465 2
466 3
467 2
468 0
469 2
470 3
471 2
472 0
473 2
474 3
475 2
476 0
477 2
478 3
479 2
480 0
481 2
482 3
483 2
484 0
485 2
486 3
487 2
488 0
489 2
490 3
491 2
492 0
493 2
494 3
495 2
496 0
497 2
498 3
499 2
500 0
501 2
502 3
503 2
504 0
505 2
506 3
507 2
508 0
509 2
510 3
511 2
512 0
513 2
514 3
515 2
516 0
517 2
518 3
519 2
520 0
521 2
522 3
523 2
524 0
525 2
526 3
527 2
528 0
529 2
530 3
531 2
532 0
533 2
534 3
535 2
536 0
537 2
538 3
539 2
540 0
541 2
542 3
543 2
544 0
545 2
546 3
547 2
548 0
549 2
550 3
551 2
552 0
553 2
554 3
555 2
556 0
557 2
558 3
559 2
560 0
561 2
562 3
563 2
564 0
565 2
566 3
567 2
568 0
569 2
570 3
571 2
572 0
573 2
574 3
575 2
576 0
577 2
578 3
579 2
580 0
581 2
582 3
583 2
584 0
585 2
586 3
587 2
588 0
589 2
590 3
591 2
592 0
593 2
594 3
595 2
596 0
597 2
598 3
599 2
600 0
601 2
602 3
603 2
604 0
605 2
606 3
607 2
608 0
609 2
610 3
611 2
612 0
613 2
614 3
615 2
616 0
617 2
618 3
619 2
620 0
621 2
622 3
623 2
624 0
625 2
626 3
627 2
628 0
629 2
630 3
631 2
632 0
633 2
634 3
635 2
636 0
637 2
638 3
639 2
640 0
641 2
642 3
643 2
644 0
645 2
646 3
647 2
648 0
649 2
650 3
651 2
652 0
653 2
654 3
655 2
656 0
657 2
658 3
659 2
660 0
661 2
662 3
663 2
664 0
665 2
666 3
667 2
668 0
669 2
670 3
671 2
672 0
673 2
674 3
675 2
676 0
677 2
678 3
679 2
680 0
681 2
682 3
683 2
684 0
685 2
686 3
687 2
688 0
689 2
690 3
691 2
692 0
693 2
694 3
695 2
696 0
697 2
698 3
699 2
700 0
701 2
702 3
703 2
704 0
705 2
706 3
707 2
708 0
709 2
710 3
711 2
712 0
713 2
714 3
715 2
716 0
717 2
718 3
719 2
720 0
721 2
722 3
723 2
724 0
725 2
726 3
727 2
728 0
729 2
730 3
731 2
732 0
733 2
734 3
735 2
736 0
737 2
738 3
739 2
740 0
741 2
742 3
743 2
744 0
745 2
746 3
747 2
748 0
749 2
750 3
751 2
752 0
753 2
754 3
755 2
756 0
757 2
758 3
759 2
760 0
761 2
762 3
763 2
764 0
765 2
766 3
767 2
768 0
769 2
770 3
771 2
772 0
773 2
774 3
775 2
776 0
777 2
778 3
779 2
780 0
781 2
782 3
783 2
784 0
785 2
786 3
787 2
788 0
789 2
790 3
791 2
792 0
793 2
794 3
795 2
796 0
797 2
798 3
799 2
800 0
801 2
802 3
803 2
804 0
805 2
806 3
807 2
808 0
809 2
810 3
811 2
812 0
813 2
814 3
815 2
816 0
817 2
818 3
819 2
820 0
821 2
822 3
823 2
824 0
825 2
826 3
827 2
828 0
829 2
830 3
831 2
832 0
833 2
834 3
835 2
836 0
837 2
838 3
839 2
840 0
841 2
842 3
843 2
844 0
845 2
846 3
847 2
848 0
849 2
850 3
851 2
852 0
853 2
854 3
855 2
856 0
857 2
858 3
859 2
860 0
861 2
862 3
863 2
864 0
865 2
866 3
867 2
868 0
869 2
870 3
871 2
872 0
873 2
874 3
875 2
876 0
877 2
878 3
879 2
880 0
881 2
882 3
883 2
884 0
885 2
886 3
887 2
888 0
889 2
890 3
891 2
892 0
893 2
894 3
895 2
896 0
897 2
898 3
899 2
900 0
901 2
902 3
903 2
904 0
905 2
906 3
907 2
908 0
909 2
910 3
911 2
912 0
913 2
914 3
915 2
916 0
917 2
918 3
919 2
920 0
921 2
922 3
923 2
924 0
925 2
926 3
927 2
928 0
929 2
930 3
931 2
932 0
933 2
934 3
935 2
936 0
937 2
938 3
939 2
940 0
941 2
942 3
943 2
944 0
945 2
946 3
947 2
948 0
949 2
950 3
951 2
952 0
953 2
954 3
955 2
956 0
957 2
958 3
959 2
960 0
961 2
962 3
963 2
964 0
965 2
966 3
967 2
968 0
969 2
970 3
971 2
972 0
973 2
974 3
975 2
976 0
977 2
978 3
979 2
980 0
981 2
982 3
983 2
984 0
985 2
986 3
987 2
988 0
989 2
990 3
991 2
992 0
993 2
994 3
995 2
996 0
997 2
998 3
999 2
1000 0
1001 2
1002 3
1003 2
1004 0
1005 2
1006 3
1007 2
1008 0
1009 2
1010 3
1011 2
1012 0
1013 2
1014 3
1015 2
1016 0
1017 2
1018 3
1019 2
1020 0
1021 2
1022 3
1023 2
1024 0
1025 2
1026 3
1027 2
1028 0
1029 2
1030 3
1031 2
1032 0
1033 2
1034 3
1035 2
1036 0
1037 2
1038 3
1039 2
1040 0
1041 2
1042 3
1043 2
1044 0
1045 2
1046 3
1047 2
1048 0
1049 2
1050 3
1051 2
1052 0
1053 2
1054 3
1055 2
1056 0
1057 2
1058 3
1059 2
1060 0
1061 2
1062 3
1063 2
1064 0
1065 2
1066 3
1067 2
1068 0
1069 2
1070 3
1071 2
1072 0
1073 2
1074 3
1075 2
1076 0
1077 2
1078 3
1079 2
1080 0
1081 2
1082 3
1083 2
1084 0
1085 2
1086 3
1087 2
1088 0
1089 2
1090 3
1091 2
1092 0
1093 2
1094 3
1095 2
1096 0
1097 2
1098 3
1099 2
1100 0
1101 2
1102 3
1103 2
1104 0
1105 2
1106 3
1107 2
1108 0
1109 2
1110 3
1111 2
1112 0
1113 2
1114 3
1115 2
1116 0
1117 2
1118 3
1119 2
1120 0
1121 2
1122 3
1123 2
1124 0
1125 2
1126 3
1127 2
1128 0
1129 2
1130 3
1131 2
1132 0
1133 2
1134 3
1135 2
1136 0
1137 2
1138 3
1139 2
1140 0
1141 2
1142 3
1143 2
1144 0
1145 2
1146 3
1147 2
1148 0
1149 2
1150 3
1151 2
1152 0
1153 2
1154 3
1155 2
1156 0
1157 2
1158 3
1159 2
1160 0
1161 2
1162 3
1163 2
1164 0
1165 2
1166 3
1167 2
1168 0
1169 2
1170 3
1171 2
1172 0
1173 2
1174 3
1175 2
1176 0
1177 2
1178 3
1179 2
1180 0
1181 2
1182 3
1183 2
1184 0
1185 2
1186 3
1187 2
1188 0
1189 2
1190 3
1191 2
1192 0
1193 2
1194 3
1195 2
1196 0
1197 2
1198 3
1199 2
1200 0
1201 2
1202 3
1203 2
1204 0
1205 2
1206 3
1207 2
1208 0
1209 2
1210 3
1211 2
1212 0
1213 2
1214 3
1215 2
1216 0
1217 2
1218 3
1219 2
1220 0
1221 2
1222 3
1223 2
1224 0
1225 2
1226 3
1227 2
1228 0
1229 2
1230 3
1231 2
1232 0
1233 2
1234 3
1235 2
1236 0
1237 2
1238 3
1239 2
1240 0
1241 2
1242 3
1243 2
1244 0
1245 2
1246 3
1247 2
1248 0
1249 2
1250 3
1251 2
1252 0
1253 2
1254 3
1255 2
1256 0
1257 2
1258 3
1259 2
1260 0
1261 2
1262 3
1263 2
1264 0
1265 2
1266 3
1267 2
1268 0
1269 2
1270 3
1271 2
1272 0
1273 2
1274 3
1275 2
1276 0
1277 2
1278 3
1279 2
1280 0
1281 2
1282 3
1283 2
1284 0
1285 2
1286 3
1287 2
1288 0
1289 2
1290 3
1291 2
1292 0
1293 2
1294 3
1295 2
1296 0
1297 2
1298 3
1299 2
1300 0
1301 2
1302 3
1303 2
1304 0
1305 2
1306 3
1307 2
1308 0
1309 2
1310 3
1311 2
1312 0
1313 2
1314 3
1315 2
1316 0
1317 2
1318 3
1319 2
1320 0
1321 2
1322 3
1323 2
1324 0
1325 2
1326 3
1327 2
1328 0
1329 2
1330 3
1331 2
1332 0
1333 2
1334 3
1335 2
1336 0
1337 2
1338 3
1339 2
1340 0
1341 2
1342 3
1343 2
1344 0
1345 2
1346 3
1347 2
1348 0
1349 2
1350 3
1351 2
1352 0
1353 2
1354 3
1355 2
1356 0
1357 2
1358 3
1359 2
1360 0
1361 2
1362 3
1363 2
1364 0
1365 2
1366 3
1367 2
1368 0
1369 2
1370 3
1371 2
1372 0
1373 2
1374 3
1375 2
1376 0
1377 2
1378 3
1379 2
1380 0
1381 2
1382 3
1383 2
1384 0
1385 2
1386 3
1387 2
1388 0
1389 2
1390 3
1391 2
1392 0
1393 2
1394 3
1395 2
1396 0
1397 2
1398 3
1399 2
1400 0
1401 2
1402 3
1403 2
1404 0
1405 2
1406 3
1407 2
1408 0
1409 2
1410 3
1411 2
1412 0
1413 2
1414 3
1415 2
1416 0
1417 2
1418 3
1419 2
1420 0
1421 2
1422 3
1423 2
1424 0
1425 2
1426 3
1427 2
1428 0
1429 2
1430 3
1431 2
1432 0
1433 2
1434 3
1435 2
1436 0
1437 2
1438 3
1439 2
1440 0
1441 2
1442 3
1443 2
1444 0
1445 2
1446 3
1447 2
1448 0
1449 2
1450 3
1451 2
1452 0
1453 2
1454 3
1455 2
1456 0
1457 2
1458 3
1459 2
1460 0
1461 2
1462 3
1463 2
1464 0
1465 2
1466 3
1467 2
1468 0
1469 2
1470 3
1471 2
1472 0
1473 2
1474 3
1475 2
1476 0
1477 2
1478 3
1479 2
1480 0
1481 2
1482 3
1483 2
1484 0
1485 2
1486 3
1487 2
1488 0
1489 2
1490 3
1491 2
1492 0
1493 2
1494 3
1495 2
1496 0
1497 2
1498 3
1499 2
1500 0
1500 1
1499 3
1498 4
1497 3
1496 1
1495 3
1494 4
1493 3
1492 1
1491 3
1490 4
1489 3
1488 1
1487 3
1486 4
1485 3
1484 1
1483 3
1482 4
1481 3
1480 1
1479 3
1478 4
1477 3
1476 1
1475 3
1474 4
1473 3
1472 1
1471 3
1470 4
1469 3
1468 1
1467 3
1466 4
1465 3
1464 1
1463 3
1462 4
1461 3
1460 1
1459 3
1458 4
1457 3
1456 1
1455 3
1454 4
1453 3
1452 1
1451 3
1450 4
1449 3
1448 1
1447 3
1446 4
1445 3
1444 1
1443 3
1442 4
1441 3
1440 1
1439 3
1438 4
1437 3
1436 1
1435 3
1434 4
1433 3
1432 1
1431 3
1430 4
1429 3
1428 1
1427 3
1426 4
1425 3
1424 1
1423 3
1422 4
1421 3
1420 1
1419 3
1418 4
1417 3
1416 1
1415 3
1414 4
1413 3
1412 1
1411 3
1410 4
1409 3
1408 1
1407 3
1406 4
1405 3
1404 1
1403 3
1402 4
1401 3
1400 1
1399 3
1398 4
1397 3
1396 1
1395 3
1394 4
1393 3
1392 1
1391 3
1390 4
1389 3
1388 1
1387 3
1386 4
1385 3
1384 1
1383 3
1382 4
1381 3
1380 1
1379 3
1378 4
1377 3
1376 1
1375 3
1374 4
1373 3
1372 1
1371 3
1370 4
1369 3
1368 1
1367 3
1366 4
1365 3
1364 1
1363 3
1362 4
1361 3
1360 1
1359 3
1358 4
1357 3
1356 1
1355 3
1354 4
1353 3
1352 1
1351 3
1350 4
1349 3
1348 1
1347 3
1346 4
1345 3
1344 1
1343 3
1342 4
1341 3
1340 1
1339 3
1338 4
1337 3
1336 1
1335 3
1334 4
1333 3
1332 1
1331 3
1330 4
1329 3
1328 1
1327 3
1326 4
1325 3
1324 1
1323 3
1322 4
1321 3
1320 1
1319 3
1318 4
1317 3
1316 1
1315 3
1314 4
1313 3
1312 1
1311 3
1310 4
1309 3
1308 1
1307 3
1306 4
1305 3
1304 1
1303 3
1302 4
1301 3
1300 1
1299 3
1298 4
1297 3
1296 1
1295 3
1294 4
1293 3
1292 1
1291 3
1290 4
1289 3
1288 1
1287 3
1286 4
1285 3
1284 1
1283 3
1282 4
1281 3
1280 1
1279 3
1278 4
1277 3
1276 1
1275 3
1274 4
1273 3
1272 1
1271 3
1270 4
1269 3
1268 1
1267 3
1266 4
1265 3
1264 1
1263 3
1262 4
1261 3
1260 1
1259 3
1258 4
1257 3
1256 1
1255 3
1254 4
1253 3
1252 1
1251 3
1250 4
1249 3
1248 1
1247 3
1246 4
1245 3
1244 1
1243 3
1242 4
1241 3
1240 1
1239 3
1238 4
1237 3
1236 1
1235 3
1234 4
1233 3
1232 1
1231 3
1230 4
1229 3
1228 1
1227 3
1226 4
1225 3
1224 1
1223 3
1222 4
1221 3
1220 1
1219 3
1218 4
1217 3
1216 1
1215 3
1214 4
1213 3
1212 1
1211 3
1210 4
1209 3
1208 1
1207 3
1206 4
1205 3
1204 1
1203 3
1202 4
1201 3
1200 1
1199 3
1198 4
1197 3
1196 1
1195 3
1194 4
1193 3
1192 1
1191 3
1190 4
1189 3
1188 1
1187 3
1186 4
1185 3
1184 1
1183 3
1182 4
1181 3
1180 1
1179 3
1178 4
1177 3
1176 1
1175 3
1174 4
1173 3
1172 1
1171 3
1170 4
1169 3
1168 1
1167 3
1166 4
1165 3
1164 1
1163 3
1162 4
1161 3
1160 1
1159 3
1158 4
1157 3
1156 1
1155 3
1154 4
1153 3
1152 1
1151 3
1150 4
1149 3
1148 1
1147 3
1146 4
1145 3
1144 1
1143 3
1142 4
1141 3
1140 1
1139 3
1138 4
1137 3
1136 1
1135 3
1134 4
1133 3
1132 1
1131 3
1130 4
1129 3
1128 1
1127 3
1126 4
1125 3
1124 1
1123 3
1122 4
1121 3
1120 1
1119 3
1118 4
1117 3
1116 1
1115 3
1114 4
1113 3
1112 1
1111 3
1110 4
1109 3
1108 1
1107 3
1106 4
1105 3
1104 1
1103 3
1102 4
1101 3
1100 1
1099 3
1098 4
1097 3
1096 1
1095 3
1094 4
1093 3
1092 1
1091 3
1090 4
1089 3
1088 1
1087 3
1086 4
1085 3
1084 1
1083 3
1082 4
1081 3
1080 1
1079 3
1078 4
1077 3
1076 1
1075 3
1074 4
1073 3
1072 1
1071 3
1070 4
1069 3
1068 1
1067 3
1066 4
1065 3
1064 1
1063 3
1062 4
1061 3
1060 1
1059 3
1058 4
1057 3
1056 1
1055 3
1054 4
1053 3
1052 1
1051 3
1050 4
1049 3
1048 1
1047 3
1046 4
1045 3
1044 1
1043 3
1042 4
1041 3
1040 1
1039 3
1038 4
1037 3
1036 1
1035 3
1034 4
1033 3
1032 1
1031 3
1030 4
1029 3
1028 1
1027 3
1026 4
1025 3
1024 1
1023 3
1022 4
1021 3
1020 1
1019 3
1018 4
1017 3
1016 1
1015 3
1014 4
1013 3
1012 1
1011 3
1010 4
1009 3
1008 1
1007 3
1006 4
1005 3
1004 1
1003 3
1002 4
1001 3
1000 1
999 3
998 4
997 3
996 1
995 3
994 4
993 3
992 1
991 3
990 4
989 3
988 1
987 3
986 4
985 3
984 1
983 3
982 4
981 3
980 1
979 3
978 4
977 3
976 1
975 3
974 4
973 3
972 1
971 3
970 4
969 3
968 1
967 3
966 4
965 3
964 1
963 3
962 4
961 3
960 1
959 3
958 4
957 3
956 1
955 3
954 4
953 3
952 1
951 3
950 4
949 3
948 1
947 3
946 4
945 3
944 1
943 3
942 4
941 3
940 1
939 3
938 4
937 3
936 1
935 3
934 4
933 3
932 1
931 3
930 4
929 3
928 1
927 3
926 4
925 3
924 1
923 3
922 4
921 3
920 1
919 3
918 4
917 3
916 1
915 3
914 4
913 3
912 1
911 3
910 4
909 3
908 1
907 3
906 4
905 3
904 1
903 3
902 4
901 3
900 1
899 3
898 4
897 3
896 1
895 3
894 4
893 3
892 1
891 3
890 4
889 3
888 1
887 3
886 4
885 3
884 1
883 3
882 4
881 3
880 1
879 3
878 4
877 3
876 1
875 3
874 4
873 3
872 1
871 3
870 4
869 3
868 1
867 3
866 4
865 3
864 1
863 3
862 4
861 3
860 1
859 3
858 4
857 3
856 1
855 3
854 4
853 3
852 1
851 3
850 4
849 3
848 1
847 3
846 4
845 3
844 1
843 3
842 4
841 3
840 1
839 3
838 4
837 3
836 1
835 3
834 4
833 3
832 1
831 3
830 4
829 3
828 1
827 3
826 4
825 3
824 1
823 3
822 4
821 3
820 1
819 3
818 4
817 3
816 1
815 3
814 4
813 3
812 1
811 3
810 4
809 3
808 1
807 3
806 4
805 3
804 1
803 3
802 4
801 3
800 1
799 3
798 4
797 3
796 1
795 3
794 4
793 3
792 1
791 3
790 4
789 3
788 1
787 3
786 4
785 3
784 1
783 3
782 4
781 3
780 1
779 3
778 4
777 3
776 1
775 3
774 4
773 3
772 1
771 3
770 4
769 3
768 1
767 3
766 4
765 3
764 1
763 3
762 4
761 3
760 1
759 3
758 4
757 3
756 1
755 3
754 4
753 3
752 1
751 3
750 4
749 3
748 1
747 3
746 4
745 3
744 1
743 3
742 4
741 3
740 1
739 3
738 4
737 3
736 1
735 3
734 4
733 3
732 1
731 3
730 4
729 3
728 1
727 3
726 4
725 3
724 1
723 3
722 4
721 3
720 1
719 3
718 4
717 3
716 1
715 3
714 4
713 3
712 1
711 3
710 4
709 3
708 1
707 3
706 4
705 3
704 1
703 3
702 4
701 3
700 1
699 3
698 4
697 3
696 1
695 3
694 4
693 3
692 1
691 3
690 4
689 3
688 1
687 3
686 4
685 3
684 1
683 3
682 4
681 3
680 1
679 3
678 4
677 3
676 1
675 3
674 4
673 3
672 1
671 3
670 4
669 3
668 1
667 3
666 4
665 3
664 1
663 3
662 4
661 3
660 1
659 3
658 4
657 3
656 1
655 3
654 4
653 3
652 1
651 3
650 4
649 3
648 1
647 3
646 4
645 3
644 1
643 3
642 4
641 3
640 1
639 3
638 4
637 3
636 1
635 3
634 4
633 3
632 1
631 3
630 4
629 3
628 1
627 3
626 4
625 3
624 1
623 3
622 4
621 3
620 1
619 3
618 4
617 3
616 1
615 3
614 4
613 3
612 1
611 3
610 4
609 3
608 1
607 3
606 4
605 3
604 1
603 3
602 4
601 3
600 1
599 3
598 4
597 3
596 1
595 3
594 4
593 3
592 1
591 3
590 4
589 3
588 1
587 3
586 4
585 3
584 1
583 3
582 4
581 3
580 1
579 3
578 4
577 3
576 1
575 3
574 4
573 3
572 1
571 3
570 4
569 3
568 1
567 3
566 4
565 3
564 1
563 3
562 4
561 3
560 1
559 3
558 4
557 3
556 1
555 3
554 4
553 3
552 1
551 3
550 4
549 3
548 1
547 3
546 4
545 3
544 1
543 3
542 4
541 3
540 1
539 3
538 4
537 3
536 1
535 3
534 4
533 3
532 1
531 3
530 4
529 3
528 1
527 3
526 4
525 3
524 1
523 3
522 4
521 3
520 1
519 3
518 4
517 3
516 1
515 3
514 4
513 3
512 1
511 3
510 4
509 3
508 1
507 3
506 4
505 3
504 1
503 3
502 4
501 3
500 1
499 3
498 4
497 3
496 1
495 3
494 4
493 3
492 1
491 3
490 4
489 3
488 1
487 3
486 4
485 3
484 1
483 3
482 4
481 3
480 1
479 3
478 4
477 3
476 1
475 3
474 4
473 3
472 1
471 3
470 4
469 3
468 1
467 3
466 4
465 3
464 1
463 3
462 4
461 3
460 1
459 3
458 4
457 3
456 1
455 3
454 4
453 3
452 1
451 3
450 4
449 3
448 1
447 3
446 4
445 3
444 1
443 3
442 4
441 3
440 1
439 3
438 4
437 3
436 1
435 3
434 4
433 3
432 1
431 3
430 4
429 3
428 1
427 3
426 4
425 3
424 1
423 3
422 4
421 3
420 1
419 3
418 4
417 3
416 1
415 3
414 4
413 3
412 1
411 3
410 4
409 3
408 1
407 3
406 4
405 3
404 1
403 3
402 4
401 3
400 1
399 3
398 4
397 3
396 1
395 3
394 4
393 3
392 1
391 3
390 4
389 3
388 1
387 3
386 4
385 3
384 1
383 3
382 4
381 3
380 1
379 3
378 4
377 3
376 1
375 3
374 4
373 3
372 1
371 3
370 4
369 3
368 1
367 3
366 4
365 3
364 1
363 3
362 4
361 3
360 1
359 3
358 4
357 3
356 1
355 3
354 4
353 3
352 1
351 3
350 4
349 3
348 1
347 3
346 4
345 3
344 1
343 3
342 4
341 3
340 1
339 3
338 4
337 3
336 1
335 3
334 4
333 3
332 1
331 3
330 4
329 3
328 1
327 3
326 4
325 3
324 1
323 3
322 4
321 3
320 1
319 3
318 4
317 3
316 1
315 3
314 4
313 3
312 1
311 3
310 4
309 3
308 1
307 3
306 4
305 3
304 1
303 3
302 4
301 3
300 1
299 3
298 4
297 3
296 1
295 3
294 4
293 3
292 1
291 3
290 4
289 3
288 1
287 3
286 4
285 3
284 1
283 3
282 4
281 3
280 1
279 3
278 4
277 3
276 1
275 3
274 4
273 3
272 1
271 3
270 4
269 3
268 1
267 3
266 4
265 3
264 1
263 3
262 4
261 3
260 1
259 3
258 4
257 3
256 1
255 3
254 4
253 3
252 1
251 3
250 4
249 3
248 1
247 3
246 4
245 3
244 1
243 3
242 4
241 3
240 1
239 3
238 4
237 3
236 1
235 3
234 4
233 3
232 1
231 3
230 4
229 3
228 1
227 3
226 4
225 3
224 1
223 3
222 4
221 3
220 1
219 3
218 4
217 3
216 1
215 3
214 4
213 3
212 1
211 3
210 4
209 3
208 1
207 3
206 4
205 3
204 1
203 3
202 4
201 3
200 1
199 3
198 4
197 3
196 1
195 3
194 4
193 3
192 1
191 3
190 4
189 3
188 1
187 3
186 4
185 3
184 1
183 3
182 4
181 3
180 1
179 3
178 4
177 3
176 1
175 3
174 4
173 3
172 1
171 3
170 4
169 3
168 1
167 3
166 4
165 3
164 1
163 3
162 4
161 3
160 1
159 3
158 4
157 3
156 1
155 3
154 4
153 3
152 1
151 3
150 4
149 3
148 1
147 3
146 4
145 3
144 1
143 3
142 4
141 3
140 1
139 3
138 4
137 3
136 1
135 3
134 4
133 3
132 1
131 3
130 4
129 3
128 1
127 3
126 4
125 3
124 1
123 3
122 4
121 3
120 1
119 3
118 4
117 3
116 1
115 3
114 4
113 3
112 1
111 3
110 4
109 3
108 1
107 3
106 4
105 3
104 1
103 3
102 4
101 3
100 1
99 3
98 4
97 3
96 1
95 3
94 4
93 3
92 1
91 3
90 4
89 3
88 1
87 3
86 4
85 3
84 1
83 3
82 4
81 3
80 1
79 3
78 4
77 3
76 1
75 3
74 4
73 3
72 1
71 3
70 4
69 3
68 1
67 3
66 4
65 3
64 1
63 3
62 4
61 3
60 1
59 3
58 4
57 3
56 1
55 3
54 4
53 3
52 1
51 3
50 4
49 3
48 1
47 3
46 4
45 3
44 1
43 3
42 4
41 3
40 1
39 3
38 4
37 3
36 1
35 3
34 4
33 3
32 1
31 3
30 4
29 3
28 1
27 3
26 4
25 3
24 1
23 3
22 4
21 3
20 1
19 3
18 4
17 3
16 1
15 3
14 4
13 3
12 1
11 3
10 4
9 3
8 1
7 3
6 4
5 3
4 1
3 3
2 4
1 3
0 1
