0 0
1 1
2 3
3 1
4 0
5 1
6 3
7 1
8 0
9 1
10 3
11 1
12 0
13 1
14 3
15 1
16 0
17 1
18 3
19 1
20 0
21 1
22 3
23 1
24 0
25 1
26 3
27 1
28 0
29 1
30 3
31 1
32 0
33 1
34 3
35 1
36 0
37 1
38 3
39 1
40 0
41 1
42 3
43 1
44 0
45 1
46 3
47 1
48 0
49 1
50 3
51 1
52 0
53 1
54 3
55 1
56 0
57 1
58 3
59 1
60 0
61 1
62 3
63 1
64 0
65 1
66 3
67 1
68 0
69 1
70 3
71 1
72 0
73 1
74 3
75 1
76 0
77 1
78 3
79 1
80 0
81 1
82 3
83 1
84 0
85 1
86 3
87 1
88 0
89 1
90 3
91 1
92 0
93 1
94 3
95 1
96 0
97 1
98 3
99 1
100 0
101 1
102 3
103 1
104 0
105 1
106 3
107 1
108 0
109 1
110 3
111 1
112 0
113 1
114 3
115 1
116 0
117 1
118 3
119 1
120 0
121 1
122 3
123 1
124 0
125 1
126 3
127 1
128 0
129 1
130 3
131 1
132 0
133 1
134 3
135 1
136 0
137 1
138 3
139 1
140 0
141 1
142 3
143 1
144 0
145 1
146 3
147 1
148 0
149 1
150 3
151 1
152 0
153 1
154 3
155 1
156 0
157 1
158 3
159 1
160 0
161 1
162 3
163 1
164 0
165 1
166 3
167 1
168 0
169 1
170 3
171 1
172 0
173 1
174 3
175 1
176 0
177 1
178 3
179 1
180 0
181 1
182 3
183 1
184 0
185 1
186 3
187 1
188 0
189 1
190 3
191 1
192 0
193 1
194 3
195 1
196 0
197 1
198 3
199 1
200 0
201 1
202 3
203 1
204 0
205 1
206 3
207 1
208 0
209 1
210 3
211 1
212 0
213 1
214 3
215 1
216 0
217 1
218 3
219 1
220 0
221 1
222 3
223 1
224 0
225 1
226 3
227 1
228 0
229 1
230 3
231 1
232 0
233 1
234 3
235 1
236 0
237 1
238 3
239 1
240 0
241 1
242 3
243 1
244 0
245 1
246 3
247 1
248 0
249 1
250 3
251 1
252 0
253 1
254 3
255 1
256 0
257 1
258 3
259 1
260 0
261 1
262 3
263 1
264 0
265 1
266 3
267 1
268 0
269 1
270 3
271 1
272 0
273 1
274 3
275 1
276 0
277 1
278 3
279 1
280 0
281 1
282 3
283 1
284 0
285 1
286 3
287 1
288 0
289 1
290 3
291 1
292 0
293 1
294 3
295 1
296 0
297 1
298 3
299 1
300 0
301 1
302 3
303 1
304 0
305 1
306 3
307 1
308 0
309 1
310 3
311 1
312 0
313 1
314 3
315 1
316 0
317 1
318 3
319 1
320 0
321 1
322 3
323 1
324 0
325 1
326 3
327 1
328 0
329 1
330 3
331 1
332 0
333 1
334 3
335 1
336 0
337 1
338 3
339 1
340 0
341 1
342 3
343 1
344 0
345 1
346 3
347 1
348 0
349 1
350 3
351 1
352 0
353 1
354 3
355 1
356 0
357 1
358 3
359 1
360 0
361 1
362 3
363 1
364 0
365 1
366 3
367 1
368 0
369 1
370 3
371 1
372 0
373 1
374 3
375 1
376 0
377 1
378 3
379 1
380 0
381 1
382 3
383 1
384 0
385 1
386 3
387 1
388 0
389 1
390 3
391 1
392 0
393 1
394 3
395 1
396 0
397 1
398 3
399 1
400 0
401 1
402 3
403 1
404 0
405 1
406 3
407 1
408 0
409 1
410 3
411 1
412 0
413 1
414 3
415 1
416 0
417 1
418 3
419 1
420 0
421 1
422 3
423 1
424 0
425 1
426 3
427 1
428 0
429 1
430 3
431 1
432 0
433 1
434 3
435 1
436 0
437 1
438 3
439 1
440 0
441 1
442 3
443 1
444 0
445 1
446 3
447 1
448 0
449 1
450 3
451 1
452 0
453 1
454 3
455 1
456 0
457 1
458 3
459 1
460 0
461 1
462 3
463 1
464 0
465 1
466 3
467 1
468 0
469 1
470 3
471 1
472 0
473 1
474 3
475 1
476 0
477 1
478 3
479 1
480 0
481 1
482 3
483 1
484 0
485 1
486 3
487 1
488 0
489 1
490 3
491 1
492 0
493 1
494 3
495 1
496 0
497 1
498 3
499 1
500 0
501 1
502 3
503 1
504 0
505 1
506 3
507 1
508 0
509 1
510 3
511 1
512 0
513 1
514 3
515 1
516 0
517 1
518 3
519 1
520 0
521 1
522 3
523 1
524 0
525 1
526 3
527 1
528 0
529 1
530 3
531 1
532 0
533 1
534 3
535 1
536 0
537 1
538 3
539 1
540 0
541 1
542 3
543 1
544 0
545 1
546 3
547 1
548 0
549 1
550 3
551 1
552 0
553 1
554 3
555 1
556 0
557 1
558 3
559 1
560 0
561 1
562 3
563 1
564 0
565 1
566 3
567 1
568 0
569 1
570 3
571 1
572 0
573 1
574 3
575 1
576 0
577 1
578 3
579 1
580 0
581 1
582 3
583 1
584 0
585 1
586 3
587 1
588 0
589 1
590 3
591 1
592 0
593 1
594 3
595 1
596 0
597 1
598 3
599 1
600 0
601 1
602 3
603 1
604 0
605 1
606 3
607 1
608 0
609 1
610 3
611 1
612 0
613 1
614 3
615 1
616 0
617 1
618 3
619 1
620 0
621 1
622 3
623 1
624 0
625 1
626 3
627 1
628 0
629 1
630 3
631 1
632 0
633 1
634 3
635 1
636 0
637 1
638 3
639 1
640 0
641 1
642 3
643 1
644 0
645 1
646 3
647 1
648 0
649 1
650 3
651 1
652 0
653 1
654 3
655 1
656 0
657 1
658 3
659 1
660 0
661 1
662 3
663 1
664 0
665 1
666 3
667 1
668 0
669 1
670 3
671 1
672 0
673 1
674 3
675 1
676 0
677 1
678 3
679 1
680 0
681 1
682 3
683 1
684 0
685 1
686 3
687 1
688 0
689 1
690 3
691 1
692 0
693 1
694 3
695 1
696 0
697 1
698 3
699 1
700 0
701 1
702 3
703 1
704 0
705 1
706 3
707 1
708 0
709 1
710 3
711 1
712 0
713 1
714 3
715 1
716 0
717 1
718 3
719 1
720 0
721 1
722 3
723 1
724 0
725 1
726 3
727 1
728 0
729 1
730 3
731 1
732 0
733 1
734 3
735 1
736 0
737 1
738 3
739 1
740 0
741 1
742 3
743 1
744 0
745 1
746 3
747 1
748 0
749 1
750 3
751 1
752 0
753 1
754 3
755 1
756 0
757 1
758 3
759 1
760 0
761 1
762 3
763 1
764 0
765 1
766 3
767 1
768 0
769 1
770 3
771 1
772 0
773 1
774 3
775 1
776 0
777 1
778 3
779 1
780 0
781 1
782 3
783 1
784 0
785 1
786 3
787 1
788 0
789 1
790 3
791 1
792 0
793 1
794 3
795 1
796 0
797 1
798 3
799 1
800 0
801 1
802 3
803 1
804 0
805 1
806 3
807 1
808 0
809 1
810 3
811 1
812 0
813 1
814 3
815 1
816 0
817 1
818 3
819 1
820 0
821 1
822 3
823 1
824 0
825 1
826 3
827 1
828 0
829 1
830 3
831 1
832 0
833 1
834 3
835 1
836 0
837 1
838 3
839 1
840 0
841 1
842 3
843 1
844 0
845 1
846 3
847 1
848 0
849 1
850 3
851 1
852 0
853 1
854 3
855 1
856 0
857 1
858 3
859 1
860 0
861 1
862 3
863 1
864 0
865 1
866 3
867 1
868 0
869 1
870 3
871 1
872 0
873 1
874 3
875 1
876 0
877 1
878 3
879 1
880 0
881 1
882 3
883 1
884 0
885 1
886 3
887 1
888 0
889 1
890 3
891 1
892 0
893 1
894 3
895 1
896 0
897 1
898 3
899 1
900 0
901 1
902 3
903 1
904 0
905 1
906 3
907 1
908 0
909 1
910 3
911 1
912 0
913 1
914 3
915 1
916 0
917 1
918 3
919 1
920 0
921 1
922 3
923 1
924 0
925 1
926 3
927 1
928 0
929 1
930 3
931 1
932 0
933 1
934 3
935 1
936 0
937 1
938 3
939 1
940 0
941 1
942 3
943 1
944 0
945 1
946 3
947 1
948 0
949 1
950 3
951 1
952 0
953 1
954 3
955 1
956 0
957 1
958 3
959 1
960 0
961 1
962 3
963 1
964 0
965 1
966 3
967 1
968 0
969 1
970 3
971 1
972 0
973 1
974 3
975 1
976 0
977 1
978 3
979 1
980 0
981 1
982 3
983 1
984 0
985 1
986 3
987 1
988 0
989 1
990 3
991 1
992 0
993 1
994 3
995 1
996 0
997 1
998 3
999 1
1000 0
1000 1
999 2
998 4
997 2
996 1
995 2
994 4
993 2
992 1
991 2
990 4
989 2
988 1
987 2
986 4
985 2
984 1
983 2
982 4
981 2
980 1
979 2
978 4
977 2
976 1
975 2
974 4
973 2
972 1
971 2
970 4
969 2
968 1
967 2
966 4
965 2
964 1
963 2
962 4
961 2
960 1
959 2
958 4
957 2
956 1
955 2
954 4
953 2
952 1
951 2
950 4
949 2
948 1
947 2
946 4
945 2
944 1
943 2
942 4
941 2
940 1
939 2
938 4
937 2
936 1
935 2
934 4
933 2
932 1
931 2
930 4
929 2
928 1
927 2
926 4
925 2
924 1
923 2
922 4
921 2
920 1
919 2
918 4
917 2
916 1
915 2
914 4
913 2
912 1
911 2
910 4
909 2
908 1
907 2
906 4
905 2
904 1
903 2
902 4
901 2
900 1
899 2
898 4
897 2
896 1
895 2
894 4
893 2
892 1
891 2
890 4
889 2
888 1
887 2
886 4
885 2
884 1
883 2
882 4
881 2
880 1
879 2
878 4
877 2
876 1
875 2
874 4
873 2
872 1
871 2
870 4
869 2
868 1
867 2
866 4
865 2
864 1
863 2
862 4
861 2
860 1
859 2
858 4
857 2
856 1
855 2
854 4
853 2
852 1
851 2
850 4
849 2
848 1
847 2
846 4
845 2
844 1
843 2
842 4
841 2
840 1
839 2
838 4
837 2
836 1
835 2
834 4
833 2
832 1
831 2
830 4
829 2
828 1
827 2
826 4
825 2
824 1
823 2
822 4
821 2
820 1
819 2
818 4
817 2
816 1
815 2
814 4
813 2
812 1
811 2
810 4
809 2
808 1
807 2
806 4
805 2
804 1
803 2
802 4
801 2
800 1
799 2
798 4
797 2
796 1
795 2
794 4
793 2
792 1
791 2
790 4
789 2
788 1
787 2
786 4
785 2
784 1
783 2
782 4
781 2
780 1
779 2
778 4
777 2
776 1
775 2
774 4
773 2
772 1
771 2
770 4
769 2
768 1
767 2
766 4
765 2
764 1
763 2
762 4
761 2
760 1
759 2
758 4
757 2
756 1
755 2
754 4
753 2
752 1
751 2
750 4
749 2
748 1
747 2
746 4
745 2
744 1
743 2
742 4
741 2
740 1
739 2
738 4
737 2
736 1
735 2
734 4
733 2
732 1
731 2
730 4
729 2
728 1
727 2
726 4
725 2
724 1
723 2
722 4
721 2
720 1
719 2
718 4
717 2
716 1
715 2
714 4
713 2
712 1
711 2
710 4
709 2
708 1
707 2
706 4
705 2
704 1
703 2
702 4
701 2
700 1
699 2
698 4
697 2
696 1
695 2
694 4
693 2
692 1
691 2
690 4
689 2
688 1
687 2
686 4
685 2
684 1
683 2
682 4
681 2
680 1
679 2
678 4
677 2
676 1
675 2
674 4
673 2
672 1
671 2
670 4
669 2
668 1
667 2
666 4
665 2
664 1
663 2
662 4
661 2
660 1
659 2
658 4
657 2
656 1
655 2
654 4
653 2
652 1
651 2
650 4
649 2
648 1
647 2
646 4
645 2
644 1
643 2
642 4
641 2
640 1
639 2
638 4
637 2
636 1
635 2
634 4
633 2
632 1
631 2
630 4
629 2
628 1
627 2
626 4
625 2
624 1
623 2
622 4
621 2
620 1
619 2
618 4
617 2
616 1
615 2
614 4
613 2
612 1
611 2
610 4
609 2
608 1
607 2
606 4
605 2
604 1
603 2
602 4
601 2
600 1
599 2
598 4
597 2
596 1
595 2
594 4
593 2
592 1
591 2
590 4
589 2
588 1
587 2
586 4
585 2
584 1
583 2
582 4
581 2
580 1
579 2
578 4
577 2
576 1
575 2
574 4
573 2
572 1
571 2
570 4
569 2
568 1
567 2
566 4
565 2
564 1
563 2
562 4
561 2
560 1
559 2
558 4
557 2
556 1
555 2
554 4
553 2
552 1
551 2
550 4
549 2
548 1
547 2
546 4
545 2
544 1
543 2
542 4
541 2
540 1
539 2
538 4
537 2
536 1
535 2
534 4
533 2
532 1
531 2
530 4
529 2
528 1
527 2
526 4
525 2
524 1
523 2
522 4
521 2
520 1
519 2
518 4
517 2
516 1
515 2
514 4
513 2
512 1
511 2
510 4
509 2
508 1
507 2
506 4
505 2
504 1
503 2
502 4
501 2
500 1
499 2
498 4
497 2
496 1
495 2
494 4
493 2
492 1
491 2
490 4
489 2
488 1
487 2
486 4
485 2
484 1
483 2
482 4
481 2
480 1
479 2
478 4
477 2
476 1
475 2
474 4
473 2
472 1
471 2
470 4
469 2
468 1
467 2
466 4
465 2
464 1
463 2
462 4
461 2
460 1
459 2
458 4
457 2
456 1
455 2
454 4
453 2
452 1
451 2
450 4
449 2
448 1
447 2
446 4
445 2
444 1
443 2
442 4
441 2
440 1
439 2
438 4
437 2
436 1
435 2
434 4
433 2
432 1
431 2
430 4
429 2
428 1
427 2
426 4
425 2
424 1
423 2
422 4
421 2
420 1
419 2
418 4
417 2
416 1
415 2
414 4
413 2
412 1
411 2
410 4
409 2
408 1
407 2
406 4
405 2
404 1
403 2
402 4
401 2
400 1
399 2
398 4
397 2
396 1
395 2
394 4
393 2
392 1
391 2
390 4
389 2
388 1
387 2
386 4
385 2
384 1
383 2
382 4
381 2
380 1
379 2
378 4
377 2
376 1
375 2
374 4
373 2
372 1
371 2
370 4
369 2
368 1
367 2
366 4
365 2
364 1
363 2
362 4
361 2
360 1
359 2
358 4
357 2
356 1
355 2
354 4
353 2
352 1
351 2
350 4
349 2
348 1
347 2
346 4
345 2
344 1
343 2
342 4
341 2
340 1
339 2
338 4
337 2
336 1
335 2
334 4
333 2
332 1
331 2
330 4
329 2
328 1
327 2
326 4
325 2
324 1
323 2
322 4
321 2
320 1
319 2
318 4
317 2
316 1
315 2
314 4
313 2
312 1
311 2
310 4
309 2
308 1
307 2
306 4
305 2
304 1
303 2
302 4
301 2
300 1
299 2
298 4
297 2
296 1
295 2
294 4
293 2
292 1
291 2
290 4
289 2
288 1
287 2
286 4
285 2
284 1
283 2
282 4
281 2
280 1
279 2
278 4
277 2
276 1
275 2
274 4
273 2
272 1
271 2
270 4
269 2
268 1
267 2
266 4
265 2
264 1
263 2
262 4
261 2
260 1
259 2
258 4
257 2
256 1
255 2
254 4
253 2
252 1
251 2
250 4
249 2
248 1
247 2
246 4
245 2
244 1
243 2
242 4
241 2
240 1
239 2
238 4
237 2
236 1
235 2
234 4
233 2
232 1
231 2
230 4
229 2
228 1
227 2
226 4
225 2
224 1
223 2
222 4
221 2
220 1
219 2
218 4
217 2
216 1
215 2
214 4
213 2
212 1
211 2
210 4
209 2
208 1
207 2
206 4
205 2
204 1
203 2
202 4
201 2
200 1
199 2
198 4
197 2
196 1
195 2
194 4
193 2
192 1
191 2
190 4
189 2
188 1
187 2
186 4
185 2
184 1
183 2
182 4
181 2
180 1
179 2
178 4
177 2
176 1
175 2
174 4
173 2
172 1
171 2
170 4
169 2
168 1
167 2
166 4
165 2
164 1
163 2
162 4
161 2
160 1
159 2
158 4
157 2
156 1
155 2
154 4
153 2
152 1
151 2
150 4
149 2
148 1
147 2
146 4
145 2
144 1
143 2
142 4
141 2
140 1
139 2
138 4
137 2
136 1
135 2
134 4
133 2
132 1
131 2
130 4
129 2
128 1
127 2
126 4
125 2
124 1
123 2
122 4
121 2
120 1
119 2
118 4
117 2
116 1
115 2
114 4
113 2
112 1
111 2
110 4
109 2
108 1
107 2
106 4
105 2
104 1
103 2
102 4
101 2
100 1
99 2
98 4
97 2
96 1
95 2
94 4
93 2
92 1
91 2
90 4
89 2
88 1
87 2
86 4
85 2
84 1
83 2
82 4
81 2
80 1
79 2
78 4
77 2
76 1
75 2
74 4
73 2
72 1
71 2
70 4
69 2
68 1
67 2
66 4
65 2
64 1
63 2
62 4
61 2
60 1
59 2
58 4
57 2
56 1
55 2
54 4
53 2
52 1
51 2
50 4
49 2
48 1
47 2
46 4
45 2
44 1
43 2
42 4
41 2
40 1
39 2
38 4
37 2
36 1
35 2
34 4
33 2
32 1
31 2
30 4
29 2
28 1
27 2
26 4
25 2
24 1
23 2
22 4
21 2
20 1
19 2
18 4
17 2
16 1
15 2
14 4
13 2
12 1
11 2
10 4
9 2
8 1
7 2
6 4
5 2
4 1
3 2
2 4
1 2
0 1
