0 0
1 1
2 3
3 1
4 0
5 1
6 3
7 1
8 0
9 1
10 3
11 1
12 0
13 1
14 3
15 1
16 0
17 1
18 3
19 1
20 0
21 1
22 3
23 1
24 0
25 1
26 3
27 1
28 0
29 1
30 3
31 1
32 0
33 1
34 3
35 1
36 0
37 1
38 3
39 1
40 0
41 1
42 3
43 1
44 0
45 1
46 3
47 1
48 0
49 1
50 3
51 1
52 0
53 1
54 3
55 1
56 0
57 1
58 3
59 1
60 0
61 1
62 3
63 1
64 0
65 1
66 3
67 1
68 0
69 1
70 3
71 1
72 0
73 1
74 3
75 1
76 0
77 1
78 3
79 1
80 0
81 1
82 3
83 1
84 0
85 1
86 3
87 1
88 0
89 1
90 3
91 1
92 0
93 1
94 3
95 1
96 0
97 1
98 3
99 1
100 0
100 1
99 2
98 4
97 2
96 1
95 2
94 4
93 2
92 1
91 2
90 4
89 2
88 1
87 2
86 4
85 2
84 1
83 2
82 4
81 2
80 1
79 2
78 4
77 2
76 1
75 2
74 4
73 2
72 1
71 2
70 4
69 2
68 1
67 2
66 4
65 2
64 1
63 2
62 4
61 2
60 1
59 2
58 4
57 2
56 1
55 2
54 4
53 2
52 1
51 2
50 4
49 2
48 1
47 2
46 4
45 2
44 1
43 2
42 4
41 2
40 1
39 2
38 4
37 2
36 1
35 2
34 4
33 2
32 1
31 2
30 4
29 2
28 1
27 2
26 4
25 2
24 1
23 2
22 4
21 2
20 1
19 2
18 4
17 2
16 1
15 2
14 4
13 2
12 1
11 2
10 4
9 2
8 1
7 2
6 4
5 2
4 1
3 2
2 4
1 2
0 1
