0 0
1 2
2 0
3 2
4 0
5 2
6 0
7 2
8 0
9 2
10 0
11 2
12 0
13 2
14 0
15 2
16 0
17 2
18 0
19 2
20 0
21 2
22 0
23 2
24 0
25 2
26 0
27 2
28 0
29 2
30 0
31 2
32 0
33 2
34 0
35 2
36 0
37 2
38 0
39 2
40 0
41 2
42 0
43 2
44 0
45 2
46 0
47 2
48 0
49 2
50 0
51 2
52 0
53 2
54 0
55 2
56 0
57 2
58 0
59 2
60 0
61 2
62 0
63 2
64 0
65 2
66 0
67 2
68 0
69 2
70 0
71 2
72 0
73 2
74 0
75 2
76 0
77 2
78 0
79 2
80 0
81 2
82 0
83 2
84 0
85 2
86 0
87 2
88 0
89 2
90 0
91 2
92 0
93 2
94 0
95 2
96 0
97 2
98 0
99 2
100 0
101 2
102 0
103 2
104 0
105 2
106 0
107 2
108 0
109 2
110 0
111 2
112 0
113 2
114 0
115 2
116 0
117 2
118 0
119 2
120 0
121 2
122 0
123 2
124 0
125 2
126 0
127 2
128 0
129 2
130 0
131 2
132 0
133 2
134 0
135 2
136 0
137 2
138 0
139 2
140 0
141 2
142 0
143 2
144 0
145 2
146 0
147 2
148 0
149 2
150 0
151 2
152 0
153 2
154 0
155 2
156 0
157 2
158 0
159 2
160 0
161 2
162 0
163 2
164 0
165 2
166 0
167 2
168 0
169 2
170 0
171 2
172 0
173 2
174 0
175 2
176 0
177 2
178 0
179 2
180 0
181 2
182 0
183 2
184 0
185 2
186 0
187 2
188 0
189 2
190 0
191 2
192 0
193 2
194 0
195 2
196 0
197 2
198 0
199 2
200 0
201 2
202 0
203 2
204 0
205 2
206 0
207 2
208 0
209 2
210 0
211 2
212 0
213 2
214 0
215 2
216 0
217 2
218 0
219 2
220 0
221 2
222 0
223 2
224 0
225 2
226 0
227 2
228 0
229 2
230 0
231 2
232 0
233 2
234 0
235 2
236 0
237 2
238 0
239 2
240 0
241 2
242 0
243 2
244 0
245 2
246 0
247 2
248 0
249 2
250 0
251 2
252 0
253 2
254 0
255 2
256 0
257 2
258 0
259 2
260 0
261 2
262 0
263 2
264 0
265 2
266 0
267 2
268 0
269 2
270 0
271 2
272 0
273 2
274 0
275 2
276 0
277 2
278 0
279 2
280 0
281 2
282 0
283 2
284 0
285 2
286 0
287 2
288 0
289 2
290 0
291 2
292 0
293 2
294 0
295 2
296 0
297 2
298 0
299 2
300 0
301 2
302 0
303 2
304 0
305 2
306 0
307 2
308 0
309 2
310 0
311 2
312 0
313 2
314 0
315 2
316 0
317 2
318 0
319 2
320 0
321 2
322 0
323 2
324 0
325 2
326 0
327 2
328 0
329 2
330 0
331 2
332 0
333 2
334 0
335 2
336 0
337 2
338 0
339 2
340 0
341 2
342 0
343 2
344 0
345 2
346 0
347 2
348 0
349 2
350 0
351 2
352 0
353 2
354 0
355 2
356 0
357 2
358 0
359 2
360 0
361 2
362 0
363 2
364 0
365 2
366 0
367 2
368 0
369 2
370 0
371 2
372 0
373 2
374 0
375 2
376 0
377 2
378 0
379 2
380 0
381 2
382 0
383 2
384 0
385 2
386 0
387 2
388 0
389 2
390 0
391 2
392 0
393 2
394 0
395 2
396 0
397 2
398 0
399 2
400 0
401 2
402 0
403 2
404 0
405 2
406 0
407 2
408 0
409 2
410 0
411 2
412 0
413 2
414 0
415 2
416 0
417 2
418 0
419 2
420 0
421 2
422 0
423 2
424 0
425 2
426 0
427 2
428 0
429 2
430 0
431 2
432 0
433 2
434 0
435 2
436 0
437 2
438 0
439 2
440 0
441 2
442 0
443 2
444 0
445 2
446 0
447 2
448 0
449 2
450 0
451 2
452 0
453 2
454 0
455 2
456 0
457 2
458 0
459 2
460 0
461 2
462 0
463 2
464 0
465 2
466 0
467 2
468 0
469 2
470 0
471 2
472 0
473 2
474 0
475 2
476 0
477 2
478 0
479 2
480 0
481 2
482 0
483 2
484 0
485 2
486 0
487 2
488 0
489 2
490 0
491 2
492 0
493 2
494 0
495 2
496 0
497 2
498 0
499 2
500 0
501 2
502 0
503 2
504 0
505 2
506 0
507 2
508 0
509 2
510 0
511 2
512 0
513 2
514 0
515 2
516 0
517 2
518 0
519 2
520 0
521 2
522 0
523 2
524 0
525 2
526 0
527 2
528 0
529 2
530 0
531 2
532 0
533 2
534 0
535 2
536 0
537 2
538 0
539 2
540 0
541 2
542 0
543 2
544 0
545 2
546 0
547 2
548 0
549 2
550 0
551 2
552 0
553 2
554 0
555 2
556 0
557 2
558 0
559 2
560 0
561 2
562 0
563 2
564 0
565 2
566 0
567 2
568 0
569 2
570 0
571 2
572 0
573 2
574 0
575 2
576 0
577 2
578 0
579 2
580 0
581 2
582 0
583 2
584 0
585 2
586 0
587 2
588 0
589 2
590 0
591 2
592 0
593 2
594 0
595 2
596 0
597 2
598 0
599 2
600 0
601 2
602 0
603 2
604 0
605 2
606 0
607 2
608 0
609 2
610 0
611 2
612 0
613 2
614 0
615 2
616 0
617 2
618 0
619 2
620 0
621 2
622 0
623 2
624 0
625 2
626 0
627 2
628 0
629 2
630 0
631 2
632 0
633 2
634 0
635 2
636 0
637 2
638 0
639 2
640 0
641 2
642 0
643 2
644 0
645 2
646 0
647 2
648 0
649 2
650 0
651 2
652 0
653 2
654 0
655 2
656 0
657 2
658 0
659 2
660 0
661 2
662 0
663 2
664 0
665 2
666 0
667 2
668 0
669 2
670 0
671 2
672 0
673 2
674 0
675 2
676 0
677 2
678 0
679 2
680 0
681 2
682 0
683 2
684 0
685 2
686 0
687 2
688 0
689 2
690 0
691 2
692 0
693 2
694 0
695 2
696 0
697 2
698 0
699 2
700 0
701 2
702 0
703 2
704 0
705 2
706 0
707 2
708 0
709 2
710 0
711 2
712 0
713 2
714 0
715 2
716 0
717 2
718 0
719 2
720 0
721 2
722 0
723 2
724 0
725 2
726 0
727 2
728 0
729 2
730 0
731 2
732 0
733 2
734 0
735 2
736 0
737 2
738 0
739 2
740 0
741 2
742 0
743 2
744 0
745 2
746 0
747 2
748 0
749 2
750 0
751 2
752 0
753 2
754 0
755 2
756 0
757 2
758 0
759 2
760 0
761 2
762 0
763 2
764 0
765 2
766 0
767 2
768 0
769 2
770 0
771 2
772 0
773 2
774 0
775 2
776 0
777 2
778 0
779 2
780 0
781 2
782 0
783 2
784 0
785 2
786 0
787 2
788 0
789 2
790 0
791 2
792 0
793 2
794 0
795 2
796 0
797 2
798 0
799 2
800 0
801 2
802 0
803 2
804 0
805 2
806 0
807 2
808 0
809 2
810 0
811 2
812 0
813 2
814 0
815 2
816 0
817 2
818 0
819 2
820 0
821 2
822 0
823 2
824 0
825 2
826 0
827 2
828 0
829 2
830 0
831 2
832 0
833 2
834 0
835 2
836 0
837 2
838 0
839 2
840 0
841 2
842 0
843 2
844 0
845 2
846 0
847 2
848 0
849 2
850 0
851 2
852 0
853 2
854 0
855 2
856 0
857 2
858 0
859 2
860 0
861 2
862 0
863 2
864 0
865 2
866 0
867 2
868 0
869 2
870 0
871 2
872 0
873 2
874 0
875 2
876 0
877 2
878 0
879 2
880 0
881 2
882 0
883 2
884 0
885 2
886 0
887 2
888 0
889 2
890 0
891 2
892 0
893 2
894 0
895 2
896 0
897 2
898 0
899 2
900 0
901 2
902 0
903 2
904 0
905 2
906 0
907 2
908 0
909 2
910 0
911 2
912 0
913 2
914 0
915 2
916 0
917 2
918 0
919 2
920 0
921 2
922 0
923 2
924 0
925 2
926 0
927 2
928 0
929 2
930 0
931 2
932 0
933 2
934 0
935 2
936 0
937 2
938 0
939 2
940 0
941 2
942 0
943 2
944 0
945 2
946 0
947 2
948 0
949 2
950 0
951 2
952 0
953 2
954 0
955 2
956 0
957 2
958 0
959 2
960 0
961 2
962 0
963 2
964 0
965 2
966 0
967 2
968 0
969 2
970 0
971 2
972 0
973 2
974 0
975 2
976 0
977 2
978 0
979 2
980 0
981 2
982 0
983 2
984 0
985 2
986 0
987 2
988 0
989 2
990 0
991 2
992 0
993 2
994 0
995 2
996 0
997 2
998 0
999 2
1000 0
1001 2
1002 0
1003 2
1004 0
1005 2
1006 0
1007 2
1008 0
1009 2
1010 0
1011 2
1012 0
1013 2
1014 0
1015 2
1016 0
1017 2
1018 0
1019 2
1020 0
1021 2
1022 0
1023 2
1024 0
1025 2
1026 0
1027 2
1028 0
1029 2
1030 0
1031 2
1032 0
1033 2
1034 0
1035 2
1036 0
1037 2
1038 0
1039 2
1040 0
1041 2
1042 0
1043 2
1044 0
1045 2
1046 0
1047 2
1048 0
1049 2
1050 0
1051 2
1052 0
1053 2
1054 0
1055 2
1056 0
1057 2
1058 0
1059 2
1060 0
1061 2
1062 0
1063 2
1064 0
1065 2
1066 0
1067 2
1068 0
1069 2
1070 0
1071 2
1072 0
1073 2
1074 0
1075 2
1076 0
1077 2
1078 0
1079 2
1080 0
1081 2
1082 0
1083 2
1084 0
1085 2
1086 0
1087 2
1088 0
1089 2
1090 0
1091 2
1092 0
1093 2
1094 0
1095 2
1096 0
1097 2
1098 0
1099 2
1100 0
1101 2
1102 0
1103 2
1104 0
1105 2
1106 0
1107 2
1108 0
1109 2
1110 0
1111 2
1112 0
1113 2
1114 0
1115 2
1116 0
1117 2
1118 0
1119 2
1120 0
1121 2
1122 0
1123 2
1124 0
1125 2
1126 0
1127 2
1128 0
1129 2
1130 0
1131 2
1132 0
1133 2
1134 0
1135 2
1136 0
1137 2
1138 0
1139 2
1140 0
1141 2
1142 0
1143 2
1144 0
1145 2
1146 0
1147 2
1148 0
1149 2
1150 0
1151 2
1152 0
1153 2
1154 0
1155 2
1156 0
1157 2
1158 0
1159 2
1160 0
1161 2
1162 0
1163 2
1164 0
1165 2
1166 0
1167 2
1168 0
1169 2
1170 0
1171 2
1172 0
1173 2
1174 0
1175 2
1176 0
1177 2
1178 0
1179 2
1180 0
1181 2
1182 0
1183 2
1184 0
1185 2
1186 0
1187 2
1188 0
1189 2
1190 0
1191 2
1192 0
1193 2
1194 0
1195 2
1196 0
1197 2
1198 0
1199 2
1200 0
1201 2
1202 0
1203 2
1204 0
1205 2
1206 0
1207 2
1208 0
1209 2
1210 0
1211 2
1212 0
1213 2
1214 0
1215 2
1216 0
1217 2
1218 0
1219 2
1220 0
1221 2
1222 0
1223 2
1224 0
1225 2
1226 0
1227 2
1228 0
1229 2
1230 0
1231 2
1232 0
1233 2
1234 0
1235 2
1236 0
1237 2
1238 0
1239 2
1240 0
1241 2
1242 0
1243 2
1244 0
1245 2
1246 0
1247 2
1248 0
1249 2
1250 0
1251 2
1252 0
1253 2
1254 0
1255 2
1256 0
1257 2
1258 0
1259 2
1260 0
1261 2
1262 0
1263 2
1264 0
1265 2
1266 0
1267 2
1268 0
1269 2
1270 0
1271 2
1272 0
1273 2
1274 0
1275 2
1276 0
1277 2
1278 0
1279 2
1280 0
1281 2
1282 0
1283 2
1284 0
1285 2
1286 0
1287 2
1288 0
1289 2
1290 0
1291 2
1292 0
1293 2
1294 0
1295 2
1296 0
1297 2
1298 0
1299 2
1300 0
1301 2
1302 0
1303 2
1304 0
1305 2
1306 0
1307 2
1308 0
1309 2
1310 0
1311 2
1312 0
1313 2
1314 0
1315 2
1316 0
1317 2
1318 0
1319 2
1320 0
1321 2
1322 0
1323 2
1324 0
1325 2
1326 0
1327 2
1328 0
1329 2
1330 0
1331 2
1332 0
1333 2
1334 0
1335 2
1336 0
1337 2
1338 0
1339 2
1340 0
1341 2
1342 0
1343 2
1344 0
1345 2
1346 0
1347 2
1348 0
1349 2
1350 0
1351 2
1352 0
1353 2
1354 0
1355 2
1356 0
1357 2
1358 0
1359 2
1360 0
1361 2
1362 0
1363 2
1364 0
1365 2
1366 0
1367 2
1368 0
1369 2
1370 0
1371 2
1372 0
1373 2
1374 0
1375 2
1376 0
1377 2
1378 0
1379 2
1380 0
1381 2
1382 0
1383 2
1384 0
1385 2
1386 0
1387 2
1388 0
1389 2
1390 0
1391 2
1392 0
1393 2
1394 0
1395 2
1396 0
1397 2
1398 0
1399 2
1400 0
1401 2
1402 0
1403 2
1404 0
1405 2
1406 0
1407 2
1408 0
1409 2
1410 0
1411 2
1412 0
1413 2
1414 0
1415 2
1416 0
1417 2
1418 0
1419 2
1420 0
1421 2
1422 0
1423 2
1424 0
1425 2
1426 0
1427 2
1428 0
1429 2
1430 0
1431 2
1432 0
1433 2
1434 0
1435 2
1436 0
1437 2
1438 0
1439 2
1440 0
1441 2
1442 0
1443 2
1444 0
1445 2
1446 0
1447 2
1448 0
1449 2
1450 0
1451 2
1452 0
1453 2
1454 0
1455 2
1456 0
1457 2
1458 0
1459 2
1460 0
1461 2
1462 0
1463 2
1464 0
1465 2
1466 0
1467 2
1468 0
1469 2
1470 0
1471 2
1472 0
1473 2
1474 0
1475 2
1476 0
1477 2
1478 0
1479 2
1480 0
1481 2
1482 0
1483 2
1484 0
1485 2
1486 0
1487 2
1488 0
1489 2
1490 0
1491 2
1492 0
1493 2
1494 0
1495 2
1496 0
1497 2
1498 0
1499 2
1500 0
1501 2
1502 0
1503 2
1504 0
1505 2
1506 0
1507 2
1508 0
1509 2
1510 0
1511 2
1512 0
1513 2
1514 0
1515 2
1516 0
1517 2
1518 0
1519 2
1520 0
1521 2
1522 0
1523 2
1524 0
1525 2
1526 0
1527 2
1528 0
1529 2
1530 0
1531 2
1532 0
1533 2
1534 0
1535 2
1536 0
1537 2
1538 0
1539 2
1540 0
1541 2
1542 0
1543 2
1544 0
1545 2
1546 0
1547 2
1548 0
1549 2
1550 0
1551 2
1552 0
1553 2
1554 0
1555 2
1556 0
1557 2
1558 0
1559 2
1560 0
1561 2
1562 0
1563 2
1564 0
1565 2
1566 0
1567 2
1568 0
1569 2
1570 0
1571 2
1572 0
1573 2
1574 0
1575 2
1576 0
1577 2
1578 0
1579 2
1580 0
1581 2
1582 0
1583 2
1584 0
1585 2
1586 0
1587 2
1588 0
1589 2
1590 0
1591 2
1592 0
1593 2
1594 0
1595 2
1596 0
1597 2
1598 0
1599 2
1600 0
1601 2
1602 0
1603 2
1604 0
1605 2
1606 0
1607 2
1608 0
1609 2
1610 0
1611 2
1612 0
1613 2
1614 0
1615 2
1616 0
1617 2
1618 0
1619 2
1620 0
1621 2
1622 0
1623 2
1624 0
1625 2
1626 0
1627 2
1628 0
1629 2
1630 0
1631 2
1632 0
1633 2
1634 0
1635 2
1636 0
1637 2
1638 0
1639 2
1640 0
1641 2
1642 0
1643 2
1644 0
1645 2
1646 0
1647 2
1648 0
1649 2
1650 0
1651 2
1652 0
1653 2
1654 0
1655 2
1656 0
1657 2
1658 0
1659 2
1660 0
1661 2
1662 0
1663 2
1664 0
1665 2
1666 0
1667 2
1668 0
1669 2
1670 0
1671 2
1672 0
1673 2
1674 0
1675 2
1676 0
1677 2
1678 0
1679 2
1680 0
1681 2
1682 0
1683 2
1684 0
1685 2
1686 0
1687 2
1688 0
1689 2
1690 0
1691 2
1692 0
1693 2
1694 0
1695 2
1696 0
1697 2
1698 0
1699 2
1700 0
1701 2
1702 0
1703 2
1704 0
1705 2
1706 0
1707 2
1708 0
1709 2
1710 0
1711 2
1712 0
1713 2
1714 0
1715 2
1716 0
1717 2
1718 0
1719 2
1720 0
1721 2
1722 0
1723 2
1724 0
1725 2
1726 0
1727 2
1728 0
1729 2
1730 0
1731 2
1732 0
1733 2
1734 0
1735 2
1736 0
1737 2
1738 0
1739 2
1740 0
1741 2
1742 0
1743 2
1744 0
1745 2
1746 0
1747 2
1748 0
1749 2
1750 0
1751 2
1752 0
1753 2
1754 0
1755 2
1756 0
1757 2
1758 0
1759 2
1760 0
1761 2
1762 0
1763 2
1764 0
1765 2
1766 0
1767 2
1768 0
1769 2
1770 0
1771 2
1772 0
1773 2
1774 0
1775 2
1776 0
1777 2
1778 0
1779 2
1780 0
1781 2
1782 0
1783 2
1784 0
1785 2
1786 0
1787 2
1788 0
1789 2
1790 0
1791 2
1792 0
1793 2
1794 0
1795 2
1796 0
1797 2
1798 0
1799 2
1800 0
1801 2
1802 0
1803 2
1804 0
1805 2
1806 0
1807 2
1808 0
1809 2
1810 0
1811 2
1812 0
1813 2
1814 0
1815 2
1816 0
1817 2
1818 0
1819 2
1820 0
1821 2
1822 0
1823 2
1824 0
1825 2
1826 0
1827 2
1828 0
1829 2
1830 0
1831 2
1832 0
1833 2
1834 0
1835 2
1836 0
1837 2
1838 0
1839 2
1840 0
1841 2
1842 0
1843 2
1844 0
1845 2
1846 0
1847 2
1848 0
1849 2
1850 0
1851 2
1852 0
1853 2
1854 0
1855 2
1856 0
1857 2
1858 0
1859 2
1860 0
1861 2
1862 0
1863 2
1864 0
1865 2
1866 0
1867 2
1868 0
1869 2
1870 0
1871 2
1872 0
1873 2
1874 0
1875 2
1876 0
1877 2
1878 0
1879 2
1880 0
1881 2
1882 0
1883 2
1884 0
1885 2
1886 0
1887 2
1888 0
1889 2
1890 0
1891 2
1892 0
1893 2
1894 0
1895 2
1896 0
1897 2
1898 0
1899 2
1900 0
1901 2
1902 0
1903 2
1904 0
1905 2
1906 0
1907 2
1908 0
1909 2
1910 0
1911 2
1912 0
1913 2
1914 0
1915 2
1916 0
1917 2
1918 0
1919 2
1920 0
1921 2
1922 0
1923 2
1924 0
1925 2
1926 0
1927 2
1928 0
1929 2
1930 0
1931 2
1932 0
1933 2
1934 0
1935 2
1936 0
1937 2
1938 0
1939 2
1940 0
1941 2
1942 0
1943 2
1944 0
1945 2
1946 0
1947 2
1948 0
1949 2
1950 0
1951 2
1952 0
1953 2
1954 0
1955 2
1956 0
1957 2
1958 0
1959 2
1960 0
1961 2
1962 0
1963 2
1964 0
1965 2
1966 0
1967 2
1968 0
1969 2
1970 0
1971 2
1972 0
1973 2
1974 0
1975 2
1976 0
1977 2
1978 0
1979 2
1980 0
1981 2
1982 0
1983 2
1984 0
1985 2
1986 0
1987 2
1988 0
1989 2
1990 0
1991 2
1992 0
1993 2
1994 0
1995 2
1996 0
1997 2
1998 0
1999 2
2000 0
2001 2
2002 0
2003 2
2004 0
2005 2
2006 0
2007 2
2008 0
2009 2
2010 0
2011 2
2012 0
2013 2
2014 0
2015 2
2016 0
2017 2
2018 0
2019 2
2020 0
2021 2
2022 0
2023 2
2024 0
2025 2
2026 0
2027 2
2028 0
2029 2
2030 0
2031 2
2032 0
2033 2
2034 0
2035 2
2036 0
2037 2
2038 0
2039 2
2040 0
2041 2
2042 0
2043 2
2044 0
2045 2
2046 0
2047 2
2048 0
2049 2
2050 0
2051 2
2052 0
2053 2
2054 0
2055 2
2056 0
2057 2
2058 0
2059 2
2060 0
2061 2
2062 0
2063 2
2064 0
2065 2
2066 0
2067 2
2068 0
2069 2
2070 0
2071 2
2072 0
2073 2
2074 0
2075 2
2076 0
2077 2
2078 0
2079 2
2080 0
2081 2
2082 0
2083 2
2084 0
2085 2
2086 0
2087 2
2088 0
2089 2
2090 0
2091 2
2092 0
2093 2
2094 0
2095 2
2096 0
2097 2
2098 0
2099 2
2100 0
2101 2
2102 0
2103 2
2104 0
2105 2
2106 0
2107 2
2108 0
2109 2
2110 0
2111 2
2112 0
2113 2
2114 0
2115 2
2116 0
2117 2
2118 0
2119 2
2120 0
2121 2
2122 0
2123 2
2124 0
2125 2
2126 0
2127 2
2128 0
2129 2
2130 0
2131 2
2132 0
2133 2
2134 0
2135 2
2136 0
2137 2
2138 0
2139 2
2140 0
2141 2
2142 0
2143 2
2144 0
2145 2
2146 0
2147 2
2148 0
2149 2
2150 0
2151 2
2152 0
2153 2
2154 0
2155 2
2156 0
2157 2
2158 0
2159 2
2160 0
2161 2
2162 0
2163 2
2164 0
2165 2
2166 0
2167 2
2168 0
2169 2
2170 0
2171 2
2172 0
2173 2
2174 0
2175 2
2176 0
2177 2
2178 0
2179 2
2180 0
2181 2
2182 0
2183 2
2184 0
2185 2
2186 0
2187 2
2188 0
2189 2
2190 0
2191 2
2192 0
2193 2
2194 0
2195 2
2196 0
2197 2
2198 0
2199 2
2200 0
2201 2
2202 0
2203 2
2204 0
2205 2
2206 0
2207 2
2208 0
2209 2
2210 0
2211 2
2212 0
2213 2
2214 0
2215 2
2216 0
2217 2
2218 0
2219 2
2220 0
2221 2
2222 0
2223 2
2224 0
2225 2
2226 0
2227 2
2228 0
2229 2
2230 0
2231 2
2232 0
2233 2
2234 0
2235 2
2236 0
2237 2
2238 0
2239 2
2240 0
2241 2
2242 0
2243 2
2244 0
2245 2
2246 0
2247 2
2248 0
2249 2
2250 0
2251 2
2252 0
2253 2
2254 0
2255 2
2256 0
2257 2
2258 0
2259 2
2260 0
2261 2
2262 0
2263 2
2264 0
2265 2
2266 0
2267 2
2268 0
2269 2
2270 0
2271 2
2272 0
2273 2
2274 0
2275 2
2276 0
2277 2
2278 0
2279 2
2280 0
2281 2
2282 0
2283 2
2284 0
2285 2
2286 0
2287 2
2288 0
2289 2
2290 0
2291 2
2292 0
2293 2
2294 0
2295 2
2296 0
2297 2
2298 0
2299 2
2300 0
2301 2
2302 0
2303 2
2304 0
2305 2
2306 0
2307 2
2308 0
2309 2
2310 0
2311 2
2312 0
2313 2
2314 0
2315 2
2316 0
2317 2
2318 0
2319 2
2320 0
2321 2
2322 0
2323 2
2324 0
2325 2
2326 0
2327 2
2328 0
2329 2
2330 0
2331 2
2332 0
2333 2
2334 0
2335 2
2336 0
2337 2
2338 0
2339 2
2340 0
2341 2
2342 0
2343 2
2344 0
2345 2
2346 0
2347 2
2348 0
2349 2
2350 0
2351 2
2352 0
2353 2
2354 0
2355 2
2356 0
2357 2
2358 0
2359 2
2360 0
2361 2
2362 0
2363 2
2364 0
2365 2
2366 0
2367 2
2368 0
2369 2
2370 0
2371 2
2372 0
2373 2
2374 0
2375 2
2376 0
2377 2
2378 0
2379 2
2380 0
2381 2
2382 0
2383 2
2384 0
2385 2
2386 0
2387 2
2388 0
2389 2
2390 0
2391 2
2392 0
2393 2
2394 0
2395 2
2396 0
2397 2
2398 0
2399 2
2400 0
2401 2
2402 0
2403 2
2404 0
2405 2
2406 0
2407 2
2408 0
2409 2
2410 0
2411 2
2412 0
2413 2
2414 0
2415 2
2416 0
2417 2
2418 0
2419 2
2420 0
2421 2
2422 0
2423 2
2424 0
2425 2
2426 0
2427 2
2428 0
2429 2
2430 0
2431 2
2432 0
2433 2
2434 0
2435 2
2436 0
2437 2
2438 0
2439 2
2440 0
2441 2
2442 0
2443 2
2444 0
2445 2
2446 0
2447 2
2448 0
2449 2
2450 0
2451 2
2452 0
2453 2
2454 0
2455 2
2456 0
2457 2
2458 0
2459 2
2460 0
2461 2
2462 0
2463 2
2464 0
2465 2
2466 0
2467 2
2468 0
2469 2
2470 0
2471 2
2472 0
2473 2
2474 0
2475 2
2476 0
2477 2
2478 0
2479 2
2480 0
2481 2
2482 0
2483 2
2484 0
2485 2
2486 0
2487 2
2488 0
2489 2
2490 0
2491 2
2492 0
2493 2
2494 0
2495 2
2496 0
2497 2
2498 0
2499 2
2500 0
2500 1
2499 3
2498 1
2497 3
2496 1
2495 3
2494 1
2493 3
2492 1
2491 3
2490 1
2489 3
2488 1
2487 3
2486 1
2485 3
2484 1
2483 3
2482 1
2481 3
2480 1
2479 3
2478 1
2477 3
2476 1
2475 3
2474 1
2473 3
2472 1
2471 3
2470 1
2469 3
2468 1
2467 3
2466 1
2465 3
2464 1
2463 3
2462 1
2461 3
2460 1
2459 3
2458 1
2457 3
2456 1
2455 3
2454 1
2453 3
2452 1
2451 3
2450 1
2449 3
2448 1
2447 3
2446 1
2445 3
2444 1
2443 3
2442 1
2441 3
2440 1
2439 3
2438 1
2437 3
2436 1
2435 3
2434 1
2433 3
2432 1
2431 3
2430 1
2429 3
2428 1
2427 3
2426 1
2425 3
2424 1
2423 3
2422 1
2421 3
2420 1
2419 3
2418 1
2417 3
2416 1
2415 3
2414 1
2413 3
2412 1
2411 3
2410 1
2409 3
2408 1
2407 3
2406 1
2405 3
2404 1
2403 3
2402 1
2401 3
2400 1
2399 3
2398 1
2397 3
2396 1
2395 3
2394 1
2393 3
2392 1
2391 3
2390 1
2389 3
2388 1
2387 3
2386 1
2385 3
2384 1
2383 3
2382 1
2381 3
2380 1
2379 3
2378 1
2377 3
2376 1
2375 3
2374 1
2373 3
2372 1
2371 3
2370 1
2369 3
2368 1
2367 3
2366 1
2365 3
2364 1
2363 3
2362 1
2361 3
2360 1
2359 3
2358 1
2357 3
2356 1
2355 3
2354 1
2353 3
2352 1
2351 3
2350 1
2349 3
2348 1
2347 3
2346 1
2345 3
2344 1
2343 3
2342 1
2341 3
2340 1
2339 3
2338 1
2337 3
2336 1
2335 3
2334 1
2333 3
2332 1
2331 3
2330 1
2329 3
2328 1
2327 3
2326 1
2325 3
2324 1
2323 3
2322 1
2321 3
2320 1
2319 3
2318 1
2317 3
2316 1
2315 3
2314 1
2313 3
2312 1
2311 3
2310 1
2309 3
2308 1
2307 3
2306 1
2305 3
2304 1
2303 3
2302 1
2301 3
2300 1
2299 3
2298 1
2297 3
2296 1
2295 3
2294 1
2293 3
2292 1
2291 3
2290 1
2289 3
2288 1
2287 3
2286 1
2285 3
2284 1
2283 3
2282 1
2281 3
2280 1
2279 3
2278 1
2277 3
2276 1
2275 3
2274 1
2273 3
2272 1
2271 3
2270 1
2269 3
2268 1
2267 3
2266 1
2265 3
2264 1
2263 3
2262 1
2261 3
2260 1
2259 3
2258 1
2257 3
2256 1
2255 3
2254 1
2253 3
2252 1
2251 3
2250 1
2249 3
2248 1
2247 3
2246 1
2245 3
2244 1
2243 3
2242 1
2241 3
2240 1
2239 3
2238 1
2237 3
2236 1
2235 3
2234 1
2233 3
2232 1
2231 3
2230 1
2229 3
2228 1
2227 3
2226 1
2225 3
2224 1
2223 3
2222 1
2221 3
2220 1
2219 3
2218 1
2217 3
2216 1
2215 3
2214 1
2213 3
2212 1
2211 3
2210 1
2209 3
2208 1
2207 3
2206 1
2205 3
2204 1
2203 3
2202 1
2201 3
2200 1
2199 3
2198 1
2197 3
2196 1
2195 3
2194 1
2193 3
2192 1
2191 3
2190 1
2189 3
2188 1
2187 3
2186 1
2185 3
2184 1
2183 3
2182 1
2181 3
2180 1
2179 3
2178 1
2177 3
2176 1
2175 3
2174 1
2173 3
2172 1
2171 3
2170 1
2169 3
2168 1
2167 3
2166 1
2165 3
2164 1
2163 3
2162 1
2161 3
2160 1
2159 3
2158 1
2157 3
2156 1
2155 3
2154 1
2153 3
2152 1
2151 3
2150 1
2149 3
2148 1
2147 3
2146 1
2145 3
2144 1
2143 3
2142 1
2141 3
2140 1
2139 3
2138 1
2137 3
2136 1
2135 3
2134 1
2133 3
2132 1
2131 3
2130 1
2129 3
2128 1
2127 3
2126 1
2125 3
2124 1
2123 3
2122 1
2121 3
2120 1
2119 3
2118 1
2117 3
2116 1
2115 3
2114 1
2113 3
2112 1
2111 3
2110 1
2109 3
2108 1
2107 3
2106 1
2105 3
2104 1
2103 3
2102 1
2101 3
2100 1
2099 3
2098 1
2097 3
2096 1
2095 3
2094 1
2093 3
2092 1
2091 3
2090 1
2089 3
2088 1
2087 3
2086 1
2085 3
2084 1
2083 3
2082 1
2081 3
2080 1
2079 3
2078 1
2077 3
2076 1
2075 3
2074 1
2073 3
2072 1
2071 3
2070 1
2069 3
2068 1
2067 3
2066 1
2065 3
2064 1
2063 3
2062 1
2061 3
2060 1
2059 3
2058 1
2057 3
2056 1
2055 3
2054 1
2053 3
2052 1
2051 3
2050 1
2049 3
2048 1
2047 3
2046 1
2045 3
2044 1
2043 3
2042 1
2041 3
2040 1
2039 3
2038 1
2037 3
2036 1
2035 3
2034 1
2033 3
2032 1
2031 3
2030 1
2029 3
2028 1
2027 3
2026 1
2025 3
2024 1
2023 3
2022 1
2021 3
2020 1
2019 3
2018 1
2017 3
2016 1
2015 3
2014 1
2013 3
2012 1
2011 3
2010 1
2009 3
2008 1
2007 3
2006 1
2005 3
2004 1
2003 3
2002 1
2001 3
2000 1
1999 3
1998 1
1997 3
1996 1
1995 3
1994 1
1993 3
1992 1
1991 3
1990 1
1989 3
1988 1
1987 3
1986 1
1985 3
1984 1
1983 3
1982 1
1981 3
1980 1
1979 3
1978 1
1977 3
1976 1
1975 3
1974 1
1973 3
1972 1
1971 3
1970 1
1969 3
1968 1
1967 3
1966 1
1965 3
1964 1
1963 3
1962 1
1961 3
1960 1
1959 3
1958 1
1957 3
1956 1
1955 3
1954 1
1953 3
1952 1
1951 3
1950 1
1949 3
1948 1
1947 3
1946 1
1945 3
1944 1
1943 3
1942 1
1941 3
1940 1
1939 3
1938 1
1937 3
1936 1
1935 3
1934 1
1933 3
1932 1
1931 3
1930 1
1929 3
1928 1
1927 3
1926 1
1925 3
1924 1
1923 3
1922 1
1921 3
1920 1
1919 3
1918 1
1917 3
1916 1
1915 3
1914 1
1913 3
1912 1
1911 3
1910 1
1909 3
1908 1
1907 3
1906 1
1905 3
1904 1
1903 3
1902 1
1901 3
1900 1
1899 3
1898 1
1897 3
1896 1
1895 3
1894 1
1893 3
1892 1
1891 3
1890 1
1889 3
1888 1
1887 3
1886 1
1885 3
1884 1
1883 3
1882 1
1881 3
1880 1
1879 3
1878 1
1877 3
1876 1
1875 3
1874 1
1873 3
1872 1
1871 3
1870 1
1869 3
1868 1
1867 3
1866 1
1865 3
1864 1
1863 3
1862 1
1861 3
1860 1
1859 3
1858 1
1857 3
1856 1
1855 3
1854 1
1853 3
1852 1
1851 3
1850 1
1849 3
1848 1
1847 3
1846 1
1845 3
1844 1
1843 3
1842 1
1841 3
1840 1
1839 3
1838 1
1837 3
1836 1
1835 3
1834 1
1833 3
1832 1
1831 3
1830 1
1829 3
1828 1
1827 3
1826 1
1825 3
1824 1
1823 3
1822 1
1821 3
1820 1
1819 3
1818 1
1817 3
1816 1
1815 3
1814 1
1813 3
1812 1
1811 3
1810 1
1809 3
1808 1
1807 3
1806 1
1805 3
1804 1
1803 3
1802 1
1801 3
1800 1
1799 3
1798 1
1797 3
1796 1
1795 3
1794 1
1793 3
1792 1
1791 3
1790 1
1789 3
1788 1
1787 3
1786 1
1785 3
1784 1
1783 3
1782 1
1781 3
1780 1
1779 3
1778 1
1777 3
1776 1
1775 3
1774 1
1773 3
1772 1
1771 3
1770 1
1769 3
1768 1
1767 3
1766 1
1765 3
1764 1
1763 3
1762 1
1761 3
1760 1
1759 3
1758 1
1757 3
1756 1
1755 3
1754 1
1753 3
1752 1
1751 3
1750 1
1749 3
1748 1
1747 3
1746 1
1745 3
1744 1
1743 3
1742 1
1741 3
1740 1
1739 3
1738 1
1737 3
1736 1
1735 3
1734 1
1733 3
1732 1
1731 3
1730 1
1729 3
1728 1
1727 3
1726 1
1725 3
1724 1
1723 3
1722 1
1721 3
1720 1
1719 3
1718 1
1717 3
1716 1
1715 3
1714 1
1713 3
1712 1
1711 3
1710 1
1709 3
1708 1
1707 3
1706 1
1705 3
1704 1
1703 3
1702 1
1701 3
1700 1
1699 3
1698 1
1697 3
1696 1
1695 3
1694 1
1693 3
1692 1
1691 3
1690 1
1689 3
1688 1
1687 3
1686 1
1685 3
1684 1
1683 3
1682 1
1681 3
1680 1
1679 3
1678 1
1677 3
1676 1
1675 3
1674 1
1673 3
1672 1
1671 3
1670 1
1669 3
1668 1
1667 3
1666 1
1665 3
1664 1
1663 3
1662 1
1661 3
1660 1
1659 3
1658 1
1657 3
1656 1
1655 3
1654 1
1653 3
1652 1
1651 3
1650 1
1649 3
1648 1
1647 3
1646 1
1645 3
1644 1
1643 3
1642 1
1641 3
1640 1
1639 3
1638 1
1637 3
1636 1
1635 3
1634 1
1633 3
1632 1
1631 3
1630 1
1629 3
1628 1
1627 3
1626 1
1625 3
1624 1
1623 3
1622 1
1621 3
1620 1
1619 3
1618 1
1617 3
1616 1
1615 3
1614 1
1613 3
1612 1
1611 3
1610 1
1609 3
1608 1
1607 3
1606 1
1605 3
1604 1
1603 3
1602 1
1601 3
1600 1
1599 3
1598 1
1597 3
1596 1
1595 3
1594 1
1593 3
1592 1
1591 3
1590 1
1589 3
1588 1
1587 3
1586 1
1585 3
1584 1
1583 3
1582 1
1581 3
1580 1
1579 3
1578 1
1577 3
1576 1
1575 3
1574 1
1573 3
1572 1
1571 3
1570 1
1569 3
1568 1
1567 3
1566 1
1565 3
1564 1
1563 3
1562 1
1561 3
1560 1
1559 3
1558 1
1557 3
1556 1
1555 3
1554 1
1553 3
1552 1
1551 3
1550 1
1549 3
1548 1
1547 3
1546 1
1545 3
1544 1
1543 3
1542 1
1541 3
1540 1
1539 3
1538 1
1537 3
1536 1
1535 3
1534 1
1533 3
1532 1
1531 3
1530 1
1529 3
1528 1
1527 3
1526 1
1525 3
1524 1
1523 3
1522 1
1521 3
1520 1
1519 3
1518 1
1517 3
1516 1
1515 3
1514 1
1513 3
1512 1
1511 3
1510 1
1509 3
1508 1
1507 3
1506 1
1505 3
1504 1
1503 3
1502 1
1501 3
1500 1
1499 3
1498 1
1497 3
1496 1
1495 3
1494 1
1493 3
1492 1
1491 3
1490 1
1489 3
1488 1
1487 3
1486 1
1485 3
1484 1
1483 3
1482 1
1481 3
1480 1
1479 3
1478 1
1477 3
1476 1
1475 3
1474 1
1473 3
1472 1
1471 3
1470 1
1469 3
1468 1
1467 3
1466 1
1465 3
1464 1
1463 3
1462 1
1461 3
1460 1
1459 3
1458 1
1457 3
1456 1
1455 3
1454 1
1453 3
1452 1
1451 3
1450 1
1449 3
1448 1
1447 3
1446 1
1445 3
1444 1
1443 3
1442 1
1441 3
1440 1
1439 3
1438 1
1437 3
1436 1
1435 3
1434 1
1433 3
1432 1
1431 3
1430 1
1429 3
1428 1
1427 3
1426 1
1425 3
1424 1
1423 3
1422 1
1421 3
1420 1
1419 3
1418 1
1417 3
1416 1
1415 3
1414 1
1413 3
1412 1
1411 3
1410 1
1409 3
1408 1
1407 3
1406 1
1405 3
1404 1
1403 3
1402 1
1401 3
1400 1
1399 3
1398 1
1397 3
1396 1
1395 3
1394 1
1393 3
1392 1
1391 3
1390 1
1389 3
1388 1
1387 3
1386 1
1385 3
1384 1
1383 3
1382 1
1381 3
1380 1
1379 3
1378 1
1377 3
1376 1
1375 3
1374 1
1373 3
1372 1
1371 3
1370 1
1369 3
1368 1
1367 3
1366 1
1365 3
1364 1
1363 3
1362 1
1361 3
1360 1
1359 3
1358 1
1357 3
1356 1
1355 3
1354 1
1353 3
1352 1
1351 3
1350 1
1349 3
1348 1
1347 3
1346 1
1345 3
1344 1
1343 3
1342 1
1341 3
1340 1
1339 3
1338 1
1337 3
1336 1
1335 3
1334 1
1333 3
1332 1
1331 3
1330 1
1329 3
1328 1
1327 3
1326 1
1325 3
1324 1
1323 3
1322 1
1321 3
1320 1
1319 3
1318 1
1317 3
1316 1
1315 3
1314 1
1313 3
1312 1
1311 3
1310 1
1309 3
1308 1
1307 3
1306 1
1305 3
1304 1
1303 3
1302 1
1301 3
1300 1
1299 3
1298 1
1297 3
1296 1
1295 3
1294 1
1293 3
1292 1
1291 3
1290 1
1289 3
1288 1
1287 3
1286 1
1285 3
1284 1
1283 3
1282 1
1281 3
1280 1
1279 3
1278 1
1277 3
1276 1
1275 3
1274 1
1273 3
1272 1
1271 3
1270 1
1269 3
1268 1
1267 3
1266 1
1265 3
1264 1
1263 3
1262 1
1261 3
1260 1
1259 3
1258 1
1257 3
1256 1
1255 3
1254 1
1253 3
1252 1
1251 3
1250 1
1249 3
1248 1
1247 3
1246 1
1245 3
1244 1
1243 3
1242 1
1241 3
1240 1
1239 3
1238 1
1237 3
1236 1
1235 3
1234 1
1233 3
1232 1
1231 3
1230 1
1229 3
1228 1
1227 3
1226 1
1225 3
1224 1
1223 3
1222 1
1221 3
1220 1
1219 3
1218 1
1217 3
1216 1
1215 3
1214 1
1213 3
1212 1
1211 3
1210 1
1209 3
1208 1
1207 3
1206 1
1205 3
1204 1
1203 3
1202 1
1201 3
1200 1
1199 3
1198 1
1197 3
1196 1
1195 3
1194 1
1193 3
1192 1
1191 3
1190 1
1189 3
1188 1
1187 3
1186 1
1185 3
1184 1
1183 3
1182 1
1181 3
1180 1
1179 3
1178 1
1177 3
1176 1
1175 3
1174 1
1173 3
1172 1
1171 3
1170 1
1169 3
1168 1
1167 3
1166 1
1165 3
1164 1
1163 3
1162 1
1161 3
1160 1
1159 3
1158 1
1157 3
1156 1
1155 3
1154 1
1153 3
1152 1
1151 3
1150 1
1149 3
1148 1
1147 3
1146 1
1145 3
1144 1
1143 3
1142 1
1141 3
1140 1
1139 3
1138 1
1137 3
1136 1
1135 3
1134 1
1133 3
1132 1
1131 3
1130 1
1129 3
1128 1
1127 3
1126 1
1125 3
1124 1
1123 3
1122 1
1121 3
1120 1
1119 3
1118 1
1117 3
1116 1
1115 3
1114 1
1113 3
1112 1
1111 3
1110 1
1109 3
1108 1
1107 3
1106 1
1105 3
1104 1
1103 3
1102 1
1101 3
1100 1
1099 3
1098 1
1097 3
1096 1
1095 3
1094 1
1093 3
1092 1
1091 3
1090 1
1089 3
1088 1
1087 3
1086 1
1085 3
1084 1
1083 3
1082 1
1081 3
1080 1
1079 3
1078 1
1077 3
1076 1
1075 3
1074 1
1073 3
1072 1
1071 3
1070 1
1069 3
1068 1
1067 3
1066 1
1065 3
1064 1
1063 3
1062 1
1061 3
1060 1
1059 3
1058 1
1057 3
1056 1
1055 3
1054 1
1053 3
1052 1
1051 3
1050 1
1049 3
1048 1
1047 3
1046 1
1045 3
1044 1
1043 3
1042 1
1041 3
1040 1
1039 3
1038 1
1037 3
1036 1
1035 3
1034 1
1033 3
1032 1
1031 3
1030 1
1029 3
1028 1
1027 3
1026 1
1025 3
1024 1
1023 3
1022 1
1021 3
1020 1
1019 3
1018 1
1017 3
1016 1
1015 3
1014 1
1013 3
1012 1
1011 3
1010 1
1009 3
1008 1
1007 3
1006 1
1005 3
1004 1
1003 3
1002 1
1001 3
1000 1
999 3
998 1
997 3
996 1
995 3
994 1
993 3
992 1
991 3
990 1
989 3
988 1
987 3
986 1
985 3
984 1
983 3
982 1
981 3
980 1
979 3
978 1
977 3
976 1
975 3
974 1
973 3
972 1
971 3
970 1
969 3
968 1
967 3
966 1
965 3
964 1
963 3
962 1
961 3
960 1
959 3
958 1
957 3
956 1
955 3
954 1
953 3
952 1
951 3
950 1
949 3
948 1
947 3
946 1
945 3
944 1
943 3
942 1
941 3
940 1
939 3
938 1
937 3
936 1
935 3
934 1
933 3
932 1
931 3
930 1
929 3
928 1
927 3
926 1
925 3
924 1
923 3
922 1
921 3
920 1
919 3
918 1
917 3
916 1
915 3
914 1
913 3
912 1
911 3
910 1
909 3
908 1
907 3
906 1
905 3
904 1
903 3
902 1
901 3
900 1
899 3
898 1
897 3
896 1
895 3
894 1
893 3
892 1
891 3
890 1
889 3
888 1
887 3
886 1
885 3
884 1
883 3
882 1
881 3
880 1
879 3
878 1
877 3
876 1
875 3
874 1
873 3
872 1
871 3
870 1
869 3
868 1
867 3
866 1
865 3
864 1
863 3
862 1
861 3
860 1
859 3
858 1
857 3
856 1
855 3
854 1
853 3
852 1
851 3
850 1
849 3
848 1
847 3
846 1
845 3
844 1
843 3
842 1
841 3
840 1
839 3
838 1
837 3
836 1
835 3
834 1
833 3
832 1
831 3
830 1
829 3
828 1
827 3
826 1
825 3
824 1
823 3
822 1
821 3
820 1
819 3
818 1
817 3
816 1
815 3
814 1
813 3
812 1
811 3
810 1
809 3
808 1
807 3
806 1
805 3
804 1
803 3
802 1
801 3
800 1
799 3
798 1
797 3
796 1
795 3
794 1
793 3
792 1
791 3
790 1
789 3
788 1
787 3
786 1
785 3
784 1
783 3
782 1
781 3
780 1
779 3
778 1
777 3
776 1
775 3
774 1
773 3
772 1
771 3
770 1
769 3
768 1
767 3
766 1
765 3
764 1
763 3
762 1
761 3
760 1
759 3
758 1
757 3
756 1
755 3
754 1
753 3
752 1
751 3
750 1
749 3
748 1
747 3
746 1
745 3
744 1
743 3
742 1
741 3
740 1
739 3
738 1
737 3
736 1
735 3
734 1
733 3
732 1
731 3
730 1
729 3
728 1
727 3
726 1
725 3
724 1
723 3
722 1
721 3
720 1
719 3
718 1
717 3
716 1
715 3
714 1
713 3
712 1
711 3
710 1
709 3
708 1
707 3
706 1
705 3
704 1
703 3
702 1
701 3
700 1
699 3
698 1
697 3
696 1
695 3
694 1
693 3
692 1
691 3
690 1
689 3
688 1
687 3
686 1
685 3
684 1
683 3
682 1
681 3
680 1
679 3
678 1
677 3
676 1
675 3
674 1
673 3
672 1
671 3
670 1
669 3
668 1
667 3
666 1
665 3
664 1
663 3
662 1
661 3
660 1
659 3
658 1
657 3
656 1
655 3
654 1
653 3
652 1
651 3
650 1
649 3
648 1
647 3
646 1
645 3
644 1
643 3
642 1
641 3
640 1
639 3
638 1
637 3
636 1
635 3
634 1
633 3
632 1
631 3
630 1
629 3
628 1
627 3
626 1
625 3
624 1
623 3
622 1
621 3
620 1
619 3
618 1
617 3
616 1
615 3
614 1
613 3
612 1
611 3
610 1
609 3
608 1
607 3
606 1
605 3
604 1
603 3
602 1
601 3
600 1
599 3
598 1
597 3
596 1
595 3
594 1
593 3
592 1
591 3
590 1
589 3
588 1
587 3
586 1
585 3
584 1
583 3
582 1
581 3
580 1
579 3
578 1
577 3
576 1
575 3
574 1
573 3
572 1
571 3
570 1
569 3
568 1
567 3
566 1
565 3
564 1
563 3
562 1
561 3
560 1
559 3
558 1
557 3
556 1
555 3
554 1
553 3
552 1
551 3
550 1
549 3
548 1
547 3
546 1
545 3
544 1
543 3
542 1
541 3
540 1
539 3
538 1
537 3
536 1
535 3
534 1
533 3
532 1
531 3
530 1
529 3
528 1
527 3
526 1
525 3
524 1
523 3
522 1
521 3
520 1
519 3
518 1
517 3
516 1
515 3
514 1
513 3
512 1
511 3
510 1
509 3
508 1
507 3
506 1
505 3
504 1
503 3
502 1
501 3
500 1
499 3
498 1
497 3
496 1
495 3
494 1
493 3
492 1
491 3
490 1
489 3
488 1
487 3
486 1
485 3
484 1
483 3
482 1
481 3
480 1
479 3
478 1
477 3
476 1
475 3
474 1
473 3
472 1
471 3
470 1
469 3
468 1
467 3
466 1
465 3
464 1
463 3
462 1
461 3
460 1
459 3
458 1
457 3
456 1
455 3
454 1
453 3
452 1
451 3
450 1
449 3
448 1
447 3
446 1
445 3
444 1
443 3
442 1
441 3
440 1
439 3
438 1
437 3
436 1
435 3
434 1
433 3
432 1
431 3
430 1
429 3
428 1
427 3
426 1
425 3
424 1
423 3
422 1
421 3
420 1
419 3
418 1
417 3
416 1
415 3
414 1
413 3
412 1
411 3
410 1
409 3
408 1
407 3
406 1
405 3
404 1
403 3
402 1
401 3
400 1
399 3
398 1
397 3
396 1
395 3
394 1
393 3
392 1
391 3
390 1
389 3
388 1
387 3
386 1
385 3
384 1
383 3
382 1
381 3
380 1
379 3
378 1
377 3
376 1
375 3
374 1
373 3
372 1
371 3
370 1
369 3
368 1
367 3
366 1
365 3
364 1
363 3
362 1
361 3
360 1
359 3
358 1
357 3
356 1
355 3
354 1
353 3
352 1
351 3
350 1
349 3
348 1
347 3
346 1
345 3
344 1
343 3
342 1
341 3
340 1
339 3
338 1
337 3
336 1
335 3
334 1
333 3
332 1
331 3
330 1
329 3
328 1
327 3
326 1
325 3
324 1
323 3
322 1
321 3
320 1
319 3
318 1
317 3
316 1
315 3
314 1
313 3
312 1
311 3
310 1
309 3
308 1
307 3
306 1
305 3
304 1
303 3
302 1
301 3
300 1
299 3
298 1
297 3
296 1
295 3
294 1
293 3
292 1
291 3
290 1
289 3
288 1
287 3
286 1
285 3
284 1
283 3
282 1
281 3
280 1
279 3
278 1
277 3
276 1
275 3
274 1
273 3
272 1
271 3
270 1
269 3
268 1
267 3
266 1
265 3
264 1
263 3
262 1
261 3
260 1
259 3
258 1
257 3
256 1
255 3
254 1
253 3
252 1
251 3
250 1
249 3
248 1
247 3
246 1
245 3
244 1
243 3
242 1
241 3
240 1
239 3
238 1
237 3
236 1
235 3
234 1
233 3
232 1
231 3
230 1
229 3
228 1
227 3
226 1
225 3
224 1
223 3
222 1
221 3
220 1
219 3
218 1
217 3
216 1
215 3
214 1
213 3
212 1
211 3
210 1
209 3
208 1
207 3
206 1
205 3
204 1
203 3
202 1
201 3
200 1
199 3
198 1
197 3
196 1
195 3
194 1
193 3
192 1
191 3
190 1
189 3
188 1
187 3
186 1
185 3
184 1
183 3
182 1
181 3
180 1
179 3
178 1
177 3
176 1
175 3
174 1
173 3
172 1
171 3
170 1
169 3
168 1
167 3
166 1
165 3
164 1
163 3
162 1
161 3
160 1
159 3
158 1
157 3
156 1
155 3
154 1
153 3
152 1
151 3
150 1
149 3
148 1
147 3
146 1
145 3
144 1
143 3
142 1
141 3
140 1
139 3
138 1
137 3
136 1
135 3
134 1
133 3
132 1
131 3
130 1
129 3
128 1
127 3
126 1
125 3
124 1
123 3
122 1
121 3
120 1
119 3
118 1
117 3
116 1
115 3
114 1
113 3
112 1
111 3
110 1
109 3
108 1
107 3
106 1
105 3
104 1
103 3
102 1
101 3
100 1
99 3
98 1
97 3
96 1
95 3
94 1
93 3
92 1
91 3
90 1
89 3
88 1
87 3
86 1
85 3
84 1
83 3
82 1
81 3
80 1
79 3
78 1
77 3
76 1
75 3
74 1
73 3
72 1
71 3
70 1
69 3
68 1
67 3
66 1
65 3
64 1
63 3
62 1
61 3
60 1
59 3
58 1
57 3
56 1
55 3
54 1
53 3
52 1
51 3
50 1
49 3
48 1
47 3
46 1
45 3
44 1
43 3
42 1
41 3
40 1
39 3
38 1
37 3
36 1
35 3
34 1
33 3
32 1
31 3
30 1
29 3
28 1
27 3
26 1
25 3
24 1
23 3
22 1
21 3
20 1
19 3
18 1
17 3
16 1
15 3
14 1
13 3
12 1
11 3
10 1
9 3
8 1
7 3
6 1
5 3
4 1
3 3
2 1
1 3
0 1
