0 0
1 1
2 3
3 1
4 0
5 1
6 3
7 1
8 0
9 1
10 3
11 1
12 0
13 1
14 3
15 1
16 0
17 1
18 3
19 1
20 0
21 1
22 3
23 1
24 0
25 1
26 3
27 1
28 0
29 1
30 3
31 1
32 0
33 1
34 3
35 1
36 0
37 1
38 3
39 1
40 0
41 1
42 3
43 1
44 0
45 1
46 3
47 1
48 0
49 1
50 3
51 1
52 0
53 1
54 3
55 1
56 0
57 1
58 3
59 1
60 0
61 1
62 3
63 1
64 0
65 1
66 3
67 1
68 0
69 1
70 3
71 1
72 0
73 1
74 3
75 1
76 0
77 1
78 3
79 1
80 0
81 1
82 3
83 1
84 0
85 1
86 3
87 1
88 0
89 1
90 3
91 1
92 0
93 1
94 3
95 1
96 0
97 1
98 3
99 1
100 0
101 1
102 3
103 1
104 0
105 1
106 3
107 1
108 0
109 1
110 3
111 1
112 0
113 1
114 3
115 1
116 0
117 1
118 3
119 1
120 0
121 1
122 3
123 1
124 0
125 1
126 3
127 1
128 0
129 1
130 3
131 1
132 0
133 1
134 3
135 1
136 0
137 1
138 3
139 1
140 0
141 1
142 3
143 1
144 0
145 1
146 3
147 1
148 0
149 1
150 3
151 1
152 0
153 1
154 3
155 1
156 0
157 1
158 3
159 1
160 0
161 1
162 3
163 1
164 0
165 1
166 3
167 1
168 0
169 1
170 3
171 1
172 0
173 1
174 3
175 1
176 0
177 1
178 3
179 1
180 0
181 1
182 3
183 1
184 0
185 1
186 3
187 1
188 0
189 1
190 3
191 1
192 0
193 1
194 3
195 1
196 0
197 1
198 3
199 1
200 0
201 1
202 3
203 1
204 0
205 1
206 3
207 1
208 0
209 1
210 3
211 1
212 0
213 1
214 3
215 1
216 0
217 1
218 3
219 1
220 0
221 1
222 3
223 1
224 0
225 1
226 3
227 1
228 0
229 1
230 3
231 1
232 0
233 1
234 3
235 1
236 0
237 1
238 3
239 1
240 0
241 1
242 3
243 1
244 0
245 1
246 3
247 1
248 0
249 1
250 3
251 1
252 0
253 1
254 3
255 1
256 0
257 1
258 3
259 1
260 0
261 1
262 3
263 1
264 0
265 1
266 3
267 1
268 0
269 1
270 3
271 1
272 0
273 1
274 3
275 1
276 0
277 1
278 3
279 1
280 0
281 1
282 3
283 1
284 0
285 1
286 3
287 1
288 0
289 1
290 3
291 1
292 0
293 1
294 3
295 1
296 0
297 1
298 3
299 1
300 0
301 1
302 3
303 1
304 0
305 1
306 3
307 1
308 0
309 1
310 3
311 1
312 0
313 1
314 3
315 1
316 0
317 1
318 3
319 1
320 0
321 1
322 3
323 1
324 0
325 1
326 3
327 1
328 0
329 1
330 3
331 1
332 0
333 1
334 3
335 1
336 0
337 1
338 3
339 1
340 0
341 1
342 3
343 1
344 0
345 1
346 3
347 1
348 0
349 1
350 3
351 1
352 0
353 1
354 3
355 1
356 0
357 1
358 3
359 1
360 0
361 1
362 3
363 1
364 0
365 1
366 3
367 1
368 0
369 1
370 3
371 1
372 0
373 1
374 3
375 1
376 0
377 1
378 3
379 1
380 0
381 1
382 3
383 1
384 0
385 1
386 3
387 1
388 0
389 1
390 3
391 1
392 0
393 1
394 3
395 1
396 0
397 1
398 3
399 1
400 0
401 1
402 3
403 1
404 0
405 1
406 3
407 1
408 0
409 1
410 3
411 1
412 0
413 1
414 3
415 1
416 0
417 1
418 3
419 1
420 0
421 1
422 3
423 1
424 0
425 1
426 3
427 1
428 0
429 1
430 3
431 1
432 0
433 1
434 3
435 1
436 0
437 1
438 3
439 1
440 0
441 1
442 3
443 1
444 0
445 1
446 3
447 1
448 0
449 1
450 3
451 1
452 0
453 1
454 3
455 1
456 0
457 1
458 3
459 1
460 0
461 1
462 3
463 1
464 0
465 1
466 3
467 1
468 0
469 1
470 3
471 1
472 0
473 1
474 3
475 1
476 0
477 1
478 3
479 1
480 0
481 1
482 3
483 1
484 0
485 1
486 3
487 1
488 0
489 1
490 3
491 1
492 0
493 1
494 3
495 1
496 0
497 1
498 3
499 1
500 0
501 1
502 3
503 1
504 0
505 1
506 3
507 1
508 0
509 1
510 3
511 1
512 0
513 1
514 3
515 1
516 0
517 1
518 3
519 1
520 0
521 1
522 3
523 1
524 0
525 1
526 3
527 1
528 0
529 1
530 3
531 1
532 0
533 1
534 3
535 1
536 0
537 1
538 3
539 1
540 0
541 1
542 3
543 1
544 0
545 1
546 3
547 1
548 0
549 1
550 3
551 1
552 0
553 1
554 3
555 1
556 0
557 1
558 3
559 1
560 0
561 1
562 3
563 1
564 0
565 1
566 3
567 1
568 0
569 1
570 3
571 1
572 0
573 1
574 3
575 1
576 0
577 1
578 3
579 1
580 0
581 1
582 3
583 1
584 0
585 1
586 3
587 1
588 0
589 1
590 3
591 1
592 0
593 1
594 3
595 1
596 0
597 1
598 3
599 1
600 0
601 1
602 3
603 1
604 0
605 1
606 3
607 1
608 0
609 1
610 3
611 1
612 0
613 1
614 3
615 1
616 0
617 1
618 3
619 1
620 0
621 1
622 3
623 1
624 0
625 1
626 3
627 1
628 0
629 1
630 3
631 1
632 0
633 1
634 3
635 1
636 0
637 1
638 3
639 1
640 0
641 1
642 3
643 1
644 0
645 1
646 3
647 1
648 0
649 1
650 3
651 1
652 0
653 1
654 3
655 1
656 0
657 1
658 3
659 1
660 0
661 1
662 3
663 1
664 0
665 1
666 3
667 1
668 0
669 1
670 3
671 1
672 0
673 1
674 3
675 1
676 0
677 1
678 3
679 1
680 0
681 1
682 3
683 1
684 0
685 1
686 3
687 1
688 0
689 1
690 3
691 1
692 0
693 1
694 3
695 1
696 0
697 1
698 3
699 1
700 0
701 1
702 3
703 1
704 0
705 1
706 3
707 1
708 0
709 1
710 3
711 1
712 0
713 1
714 3
715 1
716 0
717 1
718 3
719 1
720 0
721 1
722 3
723 1
724 0
725 1
726 3
727 1
728 0
729 1
730 3
731 1
732 0
733 1
734 3
735 1
736 0
737 1
738 3
739 1
740 0
741 1
742 3
743 1
744 0
745 1
746 3
747 1
748 0
749 1
750 3
751 1
752 0
753 1
754 3
755 1
756 0
757 1
758 3
759 1
760 0
761 1
762 3
763 1
764 0
765 1
766 3
767 1
768 0
769 1
770 3
771 1
772 0
773 1
774 3
775 1
776 0
777 1
778 3
779 1
780 0
781 1
782 3
783 1
784 0
785 1
786 3
787 1
788 0
789 1
790 3
791 1
792 0
793 1
794 3
795 1
796 0
797 1
798 3
799 1
800 0
801 1
802 3
803 1
804 0
805 1
806 3
807 1
808 0
809 1
810 3
811 1
812 0
813 1
814 3
815 1
816 0
817 1
818 3
819 1
820 0
821 1
822 3
823 1
824 0
825 1
826 3
827 1
828 0
829 1
830 3
831 1
832 0
833 1
834 3
835 1
836 0
837 1
838 3
839 1
840 0
841 1
842 3
843 1
844 0
845 1
846 3
847 1
848 0
849 1
850 3
851 1
852 0
853 1
854 3
855 1
856 0
857 1
858 3
859 1
860 0
861 1
862 3
863 1
864 0
865 1
866 3
867 1
868 0
869 1
870 3
871 1
872 0
873 1
874 3
875 1
876 0
877 1
878 3
879 1
880 0
881 1
882 3
883 1
884 0
885 1
886 3
887 1
888 0
889 1
890 3
891 1
892 0
893 1
894 3
895 1
896 0
897 1
898 3
899 1
900 0
901 1
902 3
903 1
904 0
905 1
906 3
907 1
908 0
909 1
910 3
911 1
912 0
913 1
914 3
915 1
916 0
917 1
918 3
919 1
920 0
921 1
922 3
923 1
924 0
925 1
926 3
927 1
928 0
929 1
930 3
931 1
932 0
933 1
934 3
935 1
936 0
937 1
938 3
939 1
940 0
941 1
942 3
943 1
944 0
945 1
946 3
947 1
948 0
949 1
950 3
951 1
952 0
953 1
954 3
955 1
956 0
957 1
958 3
959 1
960 0
961 1
962 3
963 1
964 0
965 1
966 3
967 1
968 0
969 1
970 3
971 1
972 0
973 1
974 3
975 1
976 0
977 1
978 3
979 1
980 0
981 1
982 3
983 1
984 0
985 1
986 3
987 1
988 0
989 1
990 3
991 1
992 0
993 1
994 3
995 1
996 0
997 1
998 3
999 1
1000 0
1001 1
1002 3
1003 1
1004 0
1005 1
1006 3
1007 1
1008 0
1009 1
1010 3
1011 1
1012 0
1013 1
1014 3
1015 1
1016 0
1017 1
1018 3
1019 1
1020 0
1021 1
1022 3
1023 1
1024 0
1025 1
1026 3
1027 1
1028 0
1029 1
1030 3
1031 1
1032 0
1033 1
1034 3
1035 1
1036 0
1037 1
1038 3
1039 1
1040 0
1041 1
1042 3
1043 1
1044 0
1045 1
1046 3
1047 1
1048 0
1049 1
1050 3
1051 1
1052 0
1053 1
1054 3
1055 1
1056 0
1057 1
1058 3
1059 1
1060 0
1061 1
1062 3
1063 1
1064 0
1065 1
1066 3
1067 1
1068 0
1069 1
1070 3
1071 1
1072 0
1073 1
1074 3
1075 1
1076 0
1077 1
1078 3
1079 1
1080 0
1081 1
1082 3
1083 1
1084 0
1085 1
1086 3
1087 1
1088 0
1089 1
1090 3
1091 1
1092 0
1093 1
1094 3
1095 1
1096 0
1097 1
1098 3
1099 1
1100 0
1101 1
1102 3
1103 1
1104 0
1105 1
1106 3
1107 1
1108 0
1109 1
1110 3
1111 1
1112 0
1113 1
1114 3
1115 1
1116 0
1117 1
1118 3
1119 1
1120 0
1121 1
1122 3
1123 1
1124 0
1125 1
1126 3
1127 1
1128 0
1129 1
1130 3
1131 1
1132 0
1133 1
1134 3
1135 1
1136 0
1137 1
1138 3
1139 1
1140 0
1141 1
1142 3
1143 1
1144 0
1145 1
1146 3
1147 1
1148 0
1149 1
1150 3
1151 1
1152 0
1153 1
1154 3
1155 1
1156 0
1157 1
1158 3
1159 1
1160 0
1161 1
1162 3
1163 1
1164 0
1165 1
1166 3
1167 1
1168 0
1169 1
1170 3
1171 1
1172 0
1173 1
1174 3
1175 1
1176 0
1177 1
1178 3
1179 1
1180 0
1181 1
1182 3
1183 1
1184 0
1185 1
1186 3
1187 1
1188 0
1189 1
1190 3
1191 1
1192 0
1193 1
1194 3
1195 1
1196 0
1197 1
1198 3
1199 1
1200 0
1201 1
1202 3
1203 1
1204 0
1205 1
1206 3
1207 1
1208 0
1209 1
1210 3
1211 1
1212 0
1213 1
1214 3
1215 1
1216 0
1217 1
1218 3
1219 1
1220 0
1221 1
1222 3
1223 1
1224 0
1225 1
1226 3
1227 1
1228 0
1229 1
1230 3
1231 1
1232 0
1233 1
1234 3
1235 1
1236 0
1237 1
1238 3
1239 1
1240 0
1241 1
1242 3
1243 1
1244 0
1245 1
1246 3
1247 1
1248 0
1249 1
1250 3
1251 1
1252 0
1253 1
1254 3
1255 1
1256 0
1257 1
1258 3
1259 1
1260 0
1261 1
1262 3
1263 1
1264 0
1265 1
1266 3
1267 1
1268 0
1269 1
1270 3
1271 1
1272 0
1273 1
1274 3
1275 1
1276 0
1277 1
1278 3
1279 1
1280 0
1281 1
1282 3
1283 1
1284 0
1285 1
1286 3
1287 1
1288 0
1289 1
1290 3
1291 1
1292 0
1293 1
1294 3
1295 1
1296 0
1297 1
1298 3
1299 1
1300 0
1301 1
1302 3
1303 1
1304 0
1305 1
1306 3
1307 1
1308 0
1309 1
1310 3
1311 1
1312 0
1313 1
1314 3
1315 1
1316 0
1317 1
1318 3
1319 1
1320 0
1321 1
1322 3
1323 1
1324 0
1325 1
1326 3
1327 1
1328 0
1329 1
1330 3
1331 1
1332 0
1333 1
1334 3
1335 1
1336 0
1337 1
1338 3
1339 1
1340 0
1341 1
1342 3
1343 1
1344 0
1345 1
1346 3
1347 1
1348 0
1349 1
1350 3
1351 1
1352 0
1353 1
1354 3
1355 1
1356 0
1357 1
1358 3
1359 1
1360 0
1361 1
1362 3
1363 1
1364 0
1365 1
1366 3
1367 1
1368 0
1369 1
1370 3
1371 1
1372 0
1373 1
1374 3
1375 1
1376 0
1377 1
1378 3
1379 1
1380 0
1381 1
1382 3
1383 1
1384 0
1385 1
1386 3
1387 1
1388 0
1389 1
1390 3
1391 1
1392 0
1393 1
1394 3
1395 1
1396 0
1397 1
1398 3
1399 1
1400 0
1401 1
1402 3
1403 1
1404 0
1405 1
1406 3
1407 1
1408 0
1409 1
1410 3
1411 1
1412 0
1413 1
1414 3
1415 1
1416 0
1417 1
1418 3
1419 1
1420 0
1421 1
1422 3
1423 1
1424 0
1425 1
1426 3
1427 1
1428 0
1429 1
1430 3
1431 1
1432 0
1433 1
1434 3
1435 1
1436 0
1437 1
1438 3
1439 1
1440 0
1441 1
1442 3
1443 1
1444 0
1445 1
1446 3
1447 1
1448 0
1449 1
1450 3
1451 1
1452 0
1453 1
1454 3
1455 1
1456 0
1457 1
1458 3
1459 1
1460 0
1461 1
1462 3
1463 1
1464 0
1465 1
1466 3
1467 1
1468 0
1469 1
1470 3
1471 1
1472 0
1473 1
1474 3
1475 1
1476 0
1477 1
1478 3
1479 1
1480 0
1481 1
1482 3
1483 1
1484 0
1485 1
1486 3
1487 1
1488 0
1489 1
1490 3
1491 1
1492 0
1493 1
1494 3
1495 1
1496 0
1497 1
1498 3
1499 1
1500 0
1501 1
1502 3
1503 1
1504 0
1505 1
1506 3
1507 1
1508 0
1509 1
1510 3
1511 1
1512 0
1513 1
1514 3
1515 1
1516 0
1517 1
1518 3
1519 1
1520 0
1521 1
1522 3
1523 1
1524 0
1525 1
1526 3
1527 1
1528 0
1529 1
1530 3
1531 1
1532 0
1533 1
1534 3
1535 1
1536 0
1537 1
1538 3
1539 1
1540 0
1541 1
1542 3
1543 1
1544 0
1545 1
1546 3
1547 1
1548 0
1549 1
1550 3
1551 1
1552 0
1553 1
1554 3
1555 1
1556 0
1557 1
1558 3
1559 1
1560 0
1561 1
1562 3
1563 1
1564 0
1565 1
1566 3
1567 1
1568 0
1569 1
1570 3
1571 1
1572 0
1573 1
1574 3
1575 1
1576 0
1577 1
1578 3
1579 1
1580 0
1581 1
1582 3
1583 1
1584 0
1585 1
1586 3
1587 1
1588 0
1589 1
1590 3
1591 1
1592 0
1593 1
1594 3
1595 1
1596 0
1597 1
1598 3
1599 1
1600 0
1601 1
1602 3
1603 1
1604 0
1605 1
1606 3
1607 1
1608 0
1609 1
1610 3
1611 1
1612 0
1613 1
1614 3
1615 1
1616 0
1617 1
1618 3
1619 1
1620 0
1621 1
1622 3
1623 1
1624 0
1625 1
1626 3
1627 1
1628 0
1629 1
1630 3
1631 1
1632 0
1633 1
1634 3
1635 1
1636 0
1637 1
1638 3
1639 1
1640 0
1641 1
1642 3
1643 1
1644 0
1645 1
1646 3
1647 1
1648 0
1649 1
1650 3
1651 1
1652 0
1653 1
1654 3
1655 1
1656 0
1657 1
1658 3
1659 1
1660 0
1661 1
1662 3
1663 1
1664 0
1665 1
1666 3
1667 1
1668 0
1669 1
1670 3
1671 1
1672 0
1673 1
1674 3
1675 1
1676 0
1677 1
1678 3
1679 1
1680 0
1681 1
1682 3
1683 1
1684 0
1685 1
1686 3
1687 1
1688 0
1689 1
1690 3
1691 1
1692 0
1693 1
1694 3
1695 1
1696 0
1697 1
1698 3
1699 1
1700 0
1701 1
1702 3
1703 1
1704 0
1705 1
1706 3
1707 1
1708 0
1709 1
1710 3
1711 1
1712 0
1713 1
1714 3
1715 1
1716 0
1717 1
1718 3
1719 1
1720 0
1721 1
1722 3
1723 1
1724 0
1725 1
1726 3
1727 1
1728 0
1729 1
1730 3
1731 1
1732 0
1733 1
1734 3
1735 1
1736 0
1737 1
1738 3
1739 1
1740 0
1741 1
1742 3
1743 1
1744 0
1745 1
1746 3
1747 1
1748 0
1749 1
1750 3
1751 1
1752 0
1753 1
1754 3
1755 1
1756 0
1757 1
1758 3
1759 1
1760 0
1761 1
1762 3
1763 1
1764 0
1765 1
1766 3
1767 1
1768 0
1769 1
1770 3
1771 1
1772 0
1773 1
1774 3
1775 1
1776 0
1777 1
1778 3
1779 1
1780 0
1781 1
1782 3
1783 1
1784 0
1785 1
1786 3
1787 1
1788 0
1789 1
1790 3
1791 1
1792 0
1793 1
1794 3
1795 1
1796 0
1797 1
1798 3
1799 1
1800 0
1801 1
1802 3
1803 1
1804 0
1805 1
1806 3
1807 1
1808 0
1809 1
1810 3
1811 1
1812 0
1813 1
1814 3
1815 1
1816 0
1817 1
1818 3
1819 1
1820 0
1821 1
1822 3
1823 1
1824 0
1825 1
1826 3
1827 1
1828 0
1829 1
1830 3
1831 1
1832 0
1833 1
1834 3
1835 1
1836 0
1837 1
1838 3
1839 1
1840 0
1841 1
1842 3
1843 1
1844 0
1845 1
1846 3
1847 1
1848 0
1849 1
1850 3
1851 1
1852 0
1853 1
1854 3
1855 1
1856 0
1857 1
1858 3
1859 1
1860 0
1861 1
1862 3
1863 1
1864 0
1865 1
1866 3
1867 1
1868 0
1869 1
1870 3
1871 1
1872 0
1873 1
1874 3
1875 1
1876 0
1877 1
1878 3
1879 1
1880 0
1881 1
1882 3
1883 1
1884 0
1885 1
1886 3
1887 1
1888 0
1889 1
1890 3
1891 1
1892 0
1893 1
1894 3
1895 1
1896 0
1897 1
1898 3
1899 1
1900 0
1901 1
1902 3
1903 1
1904 0
1905 1
1906 3
1907 1
1908 0
1909 1
1910 3
1911 1
1912 0
1913 1
1914 3
1915 1
1916 0
1917 1
1918 3
1919 1
1920 0
1921 1
1922 3
1923 1
1924 0
1925 1
1926 3
1927 1
1928 0
1929 1
1930 3
1931 1
1932 0
1933 1
1934 3
1935 1
1936 0
1937 1
1938 3
1939 1
1940 0
1941 1
1942 3
1943 1
1944 0
1945 1
1946 3
1947 1
1948 0
1949 1
1950 3
1951 1
1952 0
1953 1
1954 3
1955 1
1956 0
1957 1
1958 3
1959 1
1960 0
1961 1
1962 3
1963 1
1964 0
1965 1
1966 3
1967 1
1968 0
1969 1
1970 3
1971 1
1972 0
1973 1
1974 3
1975 1
1976 0
1977 1
1978 3
1979 1
1980 0
1981 1
1982 3
1983 1
1984 0
1985 1
1986 3
1987 1
1988 0
1989 1
1990 3
1991 1
1992 0
1993 1
1994 3
1995 1
1996 0
1997 1
1998 3
1999 1
2000 0
2001 1
2002 3
2003 1
2004 0
2005 1
2006 3
2007 1
2008 0
2009 1
2010 3
2011 1
2012 0
2013 1
2014 3
2015 1
2016 0
2017 1
2018 3
2019 1
2020 0
2021 1
2022 3
2023 1
2024 0
2025 1
2026 3
2027 1
2028 0
2029 1
2030 3
2031 1
2032 0
2033 1
2034 3
2035 1
2036 0
2037 1
2038 3
2039 1
2040 0
2041 1
2042 3
2043 1
2044 0
2045 1
2046 3
2047 1
2048 0
2049 1
2050 3
2051 1
2052 0
2053 1
2054 3
2055 1
2056 0
2057 1
2058 3
2059 1
2060 0
2061 1
2062 3
2063 1
2064 0
2065 1
2066 3
2067 1
2068 0
2069 1
2070 3
2071 1
2072 0
2073 1
2074 3
2075 1
2076 0
2077 1
2078 3
2079 1
2080 0
2081 1
2082 3
2083 1
2084 0
2085 1
2086 3
2087 1
2088 0
2089 1
2090 3
2091 1
2092 0
2093 1
2094 3
2095 1
2096 0
2097 1
2098 3
2099 1
2100 0
2101 1
2102 3
2103 1
2104 0
2105 1
2106 3
2107 1
2108 0
2109 1
2110 3
2111 1
2112 0
2113 1
2114 3
2115 1
2116 0
2117 1
2118 3
2119 1
2120 0
2121 1
2122 3
2123 1
2124 0
2125 1
2126 3
2127 1
2128 0
2129 1
2130 3
2131 1
2132 0
2133 1
2134 3
2135 1
2136 0
2137 1
2138 3
2139 1
2140 0
2141 1
2142 3
2143 1
2144 0
2145 1
2146 3
2147 1
2148 0
2149 1
2150 3
2151 1
2152 0
2153 1
2154 3
2155 1
2156 0
2157 1
2158 3
2159 1
2160 0
2161 1
2162 3
2163 1
2164 0
2165 1
2166 3
2167 1
2168 0
2169 1
2170 3
2171 1
2172 0
2173 1
2174 3
2175 1
2176 0
2177 1
2178 3
2179 1
2180 0
2181 1
2182 3
2183 1
2184 0
2185 1
2186 3
2187 1
2188 0
2189 1
2190 3
2191 1
2192 0
2193 1
2194 3
2195 1
2196 0
2197 1
2198 3
2199 1
2200 0
2201 1
2202 3
2203 1
2204 0
2205 1
2206 3
2207 1
2208 0
2209 1
2210 3
2211 1
2212 0
2213 1
2214 3
2215 1
2216 0
2217 1
2218 3
2219 1
2220 0
2221 1
2222 3
2223 1
2224 0
2225 1
2226 3
2227 1
2228 0
2229 1
2230 3
2231 1
2232 0
2233 1
2234 3
2235 1
2236 0
2237 1
2238 3
2239 1
2240 0
2241 1
2242 3
2243 1
2244 0
2245 1
2246 3
2247 1
2248 0
2249 1
2250 3
2251 1
2252 0
2253 1
2254 3
2255 1
2256 0
2257 1
2258 3
2259 1
2260 0
2261 1
2262 3
2263 1
2264 0
2265 1
2266 3
2267 1
2268 0
2269 1
2270 3
2271 1
2272 0
2273 1
2274 3
2275 1
2276 0
2277 1
2278 3
2279 1
2280 0
2281 1
2282 3
2283 1
2284 0
2285 1
2286 3
2287 1
2288 0
2289 1
2290 3
2291 1
2292 0
2293 1
2294 3
2295 1
2296 0
2297 1
2298 3
2299 1
2300 0
2301 1
2302 3
2303 1
2304 0
2305 1
2306 3
2307 1
2308 0
2309 1
2310 3
2311 1
2312 0
2313 1
2314 3
2315 1
2316 0
2317 1
2318 3
2319 1
2320 0
2321 1
2322 3
2323 1
2324 0
2325 1
2326 3
2327 1
2328 0
2329 1
2330 3
2331 1
2332 0
2333 1
2334 3
2335 1
2336 0
2337 1
2338 3
2339 1
2340 0
2341 1
2342 3
2343 1
2344 0
2345 1
2346 3
2347 1
2348 0
2349 1
2350 3
2351 1
2352 0
2353 1
2354 3
2355 1
2356 0
2357 1
2358 3
2359 1
2360 0
2361 1
2362 3
2363 1
2364 0
2365 1
2366 3
2367 1
2368 0
2369 1
2370 3
2371 1
2372 0
2373 1
2374 3
2375 1
2376 0
2377 1
2378 3
2379 1
2380 0
2381 1
2382 3
2383 1
2384 0
2385 1
2386 3
2387 1
2388 0
2389 1
2390 3
2391 1
2392 0
2393 1
2394 3
2395 1
2396 0
2397 1
2398 3
2399 1
2400 0
2401 1
2402 3
2403 1
2404 0
2405 1
2406 3
2407 1
2408 0
2409 1
2410 3
2411 1
2412 0
2413 1
2414 3
2415 1
2416 0
2417 1
2418 3
2419 1
2420 0
2421 1
2422 3
2423 1
2424 0
2425 1
2426 3
2427 1
2428 0
2429 1
2430 3
2431 1
2432 0
2433 1
2434 3
2435 1
2436 0
2437 1
2438 3
2439 1
2440 0
2441 1
2442 3
2443 1
2444 0
2445 1
2446 3
2447 1
2448 0
2449 1
2450 3
2451 1
2452 0
2453 1
2454 3
2455 1
2456 0
2457 1
2458 3
2459 1
2460 0
2461 1
2462 3
2463 1
2464 0
2465 1
2466 3
2467 1
2468 0
2469 1
2470 3
2471 1
2472 0
2473 1
2474 3
2475 1
2476 0
2477 1
2478 3
2479 1
2480 0
2481 1
2482 3
2483 1
2484 0
2485 1
2486 3
2487 1
2488 0
2489 1
2490 3
2491 1
2492 0
2493 1
2494 3
2495 1
2496 0
2497 1
2498 3
2499 1
2500 0
2500 1
2499 2
2498 4
2497 2
2496 1
2495 2
2494 4
2493 2
2492 1
2491 2
2490 4
2489 2
2488 1
2487 2
2486 4
2485 2
2484 1
2483 2
2482 4
2481 2
2480 1
2479 2
2478 4
2477 2
2476 1
2475 2
2474 4
2473 2
2472 1
2471 2
2470 4
2469 2
2468 1
2467 2
2466 4
2465 2
2464 1
2463 2
2462 4
2461 2
2460 1
2459 2
2458 4
2457 2
2456 1
2455 2
2454 4
2453 2
2452 1
2451 2
2450 4
2449 2
2448 1
2447 2
2446 4
2445 2
2444 1
2443 2
2442 4
2441 2
2440 1
2439 2
2438 4
2437 2
2436 1
2435 2
2434 4
2433 2
2432 1
2431 2
2430 4
2429 2
2428 1
2427 2
2426 4
2425 2
2424 1
2423 2
2422 4
2421 2
2420 1
2419 2
2418 4
2417 2
2416 1
2415 2
2414 4
2413 2
2412 1
2411 2
2410 4
2409 2
2408 1
2407 2
2406 4
2405 2
2404 1
2403 2
2402 4
2401 2
2400 1
2399 2
2398 4
2397 2
2396 1
2395 2
2394 4
2393 2
2392 1
2391 2
2390 4
2389 2
2388 1
2387 2
2386 4
2385 2
2384 1
2383 2
2382 4
2381 2
2380 1
2379 2
2378 4
2377 2
2376 1
2375 2
2374 4
2373 2
2372 1
2371 2
2370 4
2369 2
2368 1
2367 2
2366 4
2365 2
2364 1
2363 2
2362 4
2361 2
2360 1
2359 2
2358 4
2357 2
2356 1
2355 2
2354 4
2353 2
2352 1
2351 2
2350 4
2349 2
2348 1
2347 2
2346 4
2345 2
2344 1
2343 2
2342 4
2341 2
2340 1
2339 2
2338 4
2337 2
2336 1
2335 2
2334 4
2333 2
2332 1
2331 2
2330 4
2329 2
2328 1
2327 2
2326 4
2325 2
2324 1
2323 2
2322 4
2321 2
2320 1
2319 2
2318 4
2317 2
2316 1
2315 2
2314 4
2313 2
2312 1
2311 2
2310 4
2309 2
2308 1
2307 2
2306 4
2305 2
2304 1
2303 2
2302 4
2301 2
2300 1
2299 2
2298 4
2297 2
2296 1
2295 2
2294 4
2293 2
2292 1
2291 2
2290 4
2289 2
2288 1
2287 2
2286 4
2285 2
2284 1
2283 2
2282 4
2281 2
2280 1
2279 2
2278 4
2277 2
2276 1
2275 2
2274 4
2273 2
2272 1
2271 2
2270 4
2269 2
2268 1
2267 2
2266 4
2265 2
2264 1
2263 2
2262 4
2261 2
2260 1
2259 2
2258 4
2257 2
2256 1
2255 2
2254 4
2253 2
2252 1
2251 2
2250 4
2249 2
2248 1
2247 2
2246 4
2245 2
2244 1
2243 2
2242 4
2241 2
2240 1
2239 2
2238 4
2237 2
2236 1
2235 2
2234 4
2233 2
2232 1
2231 2
2230 4
2229 2
2228 1
2227 2
2226 4
2225 2
2224 1
2223 2
2222 4
2221 2
2220 1
2219 2
2218 4
2217 2
2216 1
2215 2
2214 4
2213 2
2212 1
2211 2
2210 4
2209 2
2208 1
2207 2
2206 4
2205 2
2204 1
2203 2
2202 4
2201 2
2200 1
2199 2
2198 4
2197 2
2196 1
2195 2
2194 4
2193 2
2192 1
2191 2
2190 4
2189 2
2188 1
2187 2
2186 4
2185 2
2184 1
2183 2
2182 4
2181 2
2180 1
2179 2
2178 4
2177 2
2176 1
2175 2
2174 4
2173 2
2172 1
2171 2
2170 4
2169 2
2168 1
2167 2
2166 4
2165 2
2164 1
2163 2
2162 4
2161 2
2160 1
2159 2
2158 4
2157 2
2156 1
2155 2
2154 4
2153 2
2152 1
2151 2
2150 4
2149 2
2148 1
2147 2
2146 4
2145 2
2144 1
2143 2
2142 4
2141 2
2140 1
2139 2
2138 4
2137 2
2136 1
2135 2
2134 4
2133 2
2132 1
2131 2
2130 4
2129 2
2128 1
2127 2
2126 4
2125 2
2124 1
2123 2
2122 4
2121 2
2120 1
2119 2
2118 4
2117 2
2116 1
2115 2
2114 4
2113 2
2112 1
2111 2
2110 4
2109 2
2108 1
2107 2
2106 4
2105 2
2104 1
2103 2
2102 4
2101 2
2100 1
2099 2
2098 4
2097 2
2096 1
2095 2
2094 4
2093 2
2092 1
2091 2
2090 4
2089 2
2088 1
2087 2
2086 4
2085 2
2084 1
2083 2
2082 4
2081 2
2080 1
2079 2
2078 4
2077 2
2076 1
2075 2
2074 4
2073 2
2072 1
2071 2
2070 4
2069 2
2068 1
2067 2
2066 4
2065 2
2064 1
2063 2
2062 4
2061 2
2060 1
2059 2
2058 4
2057 2
2056 1
2055 2
2054 4
2053 2
2052 1
2051 2
2050 4
2049 2
2048 1
2047 2
2046 4
2045 2
2044 1
2043 2
2042 4
2041 2
2040 1
2039 2
2038 4
2037 2
2036 1
2035 2
2034 4
2033 2
2032 1
2031 2
2030 4
2029 2
2028 1
2027 2
2026 4
2025 2
2024 1
2023 2
2022 4
2021 2
2020 1
2019 2
2018 4
2017 2
2016 1
2015 2
2014 4
2013 2
2012 1
2011 2
2010 4
2009 2
2008 1
2007 2
2006 4
2005 2
2004 1
2003 2
2002 4
2001 2
2000 1
1999 2
1998 4
1997 2
1996 1
1995 2
1994 4
1993 2
1992 1
1991 2
1990 4
1989 2
1988 1
1987 2
1986 4
1985 2
1984 1
1983 2
1982 4
1981 2
1980 1
1979 2
1978 4
1977 2
1976 1
1975 2
1974 4
1973 2
1972 1
1971 2
1970 4
1969 2
1968 1
1967 2
1966 4
1965 2
1964 1
1963 2
1962 4
1961 2
1960 1
1959 2
1958 4
1957 2
1956 1
1955 2
1954 4
1953 2
1952 1
1951 2
1950 4
1949 2
1948 1
1947 2
1946 4
1945 2
1944 1
1943 2
1942 4
1941 2
1940 1
1939 2
1938 4
1937 2
1936 1
1935 2
1934 4
1933 2
1932 1
1931 2
1930 4
1929 2
1928 1
1927 2
1926 4
1925 2
1924 1
1923 2
1922 4
1921 2
1920 1
1919 2
1918 4
1917 2
1916 1
1915 2
1914 4
1913 2
1912 1
1911 2
1910 4
1909 2
1908 1
1907 2
1906 4
1905 2
1904 1
1903 2
1902 4
1901 2
1900 1
1899 2
1898 4
1897 2
1896 1
1895 2
1894 4
1893 2
1892 1
1891 2
1890 4
1889 2
1888 1
1887 2
1886 4
1885 2
1884 1
1883 2
1882 4
1881 2
1880 1
1879 2
1878 4
1877 2
1876 1
1875 2
1874 4
1873 2
1872 1
1871 2
1870 4
1869 2
1868 1
1867 2
1866 4
1865 2
1864 1
1863 2
1862 4
1861 2
1860 1
1859 2
1858 4
1857 2
1856 1
1855 2
1854 4
1853 2
1852 1
1851 2
1850 4
1849 2
1848 1
1847 2
1846 4
1845 2
1844 1
1843 2
1842 4
1841 2
1840 1
1839 2
1838 4
1837 2
1836 1
1835 2
1834 4
1833 2
1832 1
1831 2
1830 4
1829 2
1828 1
1827 2
1826 4
1825 2
1824 1
1823 2
1822 4
1821 2
1820 1
1819 2
1818 4
1817 2
1816 1
1815 2
1814 4
1813 2
1812 1
1811 2
1810 4
1809 2
1808 1
1807 2
1806 4
1805 2
1804 1
1803 2
1802 4
1801 2
1800 1
1799 2
1798 4
1797 2
1796 1
1795 2
1794 4
1793 2
1792 1
1791 2
1790 4
1789 2
1788 1
1787 2
1786 4
1785 2
1784 1
1783 2
1782 4
1781 2
1780 1
1779 2
1778 4
1777 2
1776 1
1775 2
1774 4
1773 2
1772 1
1771 2
1770 4
1769 2
1768 1
1767 2
1766 4
1765 2
1764 1
1763 2
1762 4
1761 2
1760 1
1759 2
1758 4
1757 2
1756 1
1755 2
1754 4
1753 2
1752 1
1751 2
1750 4
1749 2
1748 1
1747 2
1746 4
1745 2
1744 1
1743 2
1742 4
1741 2
1740 1
1739 2
1738 4
1737 2
1736 1
1735 2
1734 4
1733 2
1732 1
1731 2
1730 4
1729 2
1728 1
1727 2
1726 4
1725 2
1724 1
1723 2
1722 4
1721 2
1720 1
1719 2
1718 4
1717 2
1716 1
1715 2
1714 4
1713 2
1712 1
1711 2
1710 4
1709 2
1708 1
1707 2
1706 4
1705 2
1704 1
1703 2
1702 4
1701 2
1700 1
1699 2
1698 4
1697 2
1696 1
1695 2
1694 4
1693 2
1692 1
1691 2
1690 4
1689 2
1688 1
1687 2
1686 4
1685 2
1684 1
1683 2
1682 4
1681 2
1680 1
1679 2
1678 4
1677 2
1676 1
1675 2
1674 4
1673 2
1672 1
1671 2
1670 4
1669 2
1668 1
1667 2
1666 4
1665 2
1664 1
1663 2
1662 4
1661 2
1660 1
1659 2
1658 4
1657 2
1656 1
1655 2
1654 4
1653 2
1652 1
1651 2
1650 4
1649 2
1648 1
1647 2
1646 4
1645 2
1644 1
1643 2
1642 4
1641 2
1640 1
1639 2
1638 4
1637 2
1636 1
1635 2
1634 4
1633 2
1632 1
1631 2
1630 4
1629 2
1628 1
1627 2
1626 4
1625 2
1624 1
1623 2
1622 4
1621 2
1620 1
1619 2
1618 4
1617 2
1616 1
1615 2
1614 4
1613 2
1612 1
1611 2
1610 4
1609 2
1608 1
1607 2
1606 4
1605 2
1604 1
1603 2
1602 4
1601 2
1600 1
1599 2
1598 4
1597 2
1596 1
1595 2
1594 4
1593 2
1592 1
1591 2
1590 4
1589 2
1588 1
1587 2
1586 4
1585 2
1584 1
1583 2
1582 4
1581 2
1580 1
1579 2
1578 4
1577 2
1576 1
1575 2
1574 4
1573 2
1572 1
1571 2
1570 4
1569 2
1568 1
1567 2
1566 4
1565 2
1564 1
1563 2
1562 4
1561 2
1560 1
1559 2
1558 4
1557 2
1556 1
1555 2
1554 4
1553 2
1552 1
1551 2
1550 4
1549 2
1548 1
1547 2
1546 4
1545 2
1544 1
1543 2
1542 4
1541 2
1540 1
1539 2
1538 4
1537 2
1536 1
1535 2
1534 4
1533 2
1532 1
1531 2
1530 4
1529 2
1528 1
1527 2
1526 4
1525 2
1524 1
1523 2
1522 4
1521 2
1520 1
1519 2
1518 4
1517 2
1516 1
1515 2
1514 4
1513 2
1512 1
1511 2
1510 4
1509 2
1508 1
1507 2
1506 4
1505 2
1504 1
1503 2
1502 4
1501 2
1500 1
1499 2
1498 4
1497 2
1496 1
1495 2
1494 4
1493 2
1492 1
1491 2
1490 4
1489 2
1488 1
1487 2
1486 4
1485 2
1484 1
1483 2
1482 4
1481 2
1480 1
1479 2
1478 4
1477 2
1476 1
1475 2
1474 4
1473 2
1472 1
1471 2
1470 4
1469 2
1468 1
1467 2
1466 4
1465 2
1464 1
1463 2
1462 4
1461 2
1460 1
1459 2
1458 4
1457 2
1456 1
1455 2
1454 4
1453 2
1452 1
1451 2
1450 4
1449 2
1448 1
1447 2
1446 4
1445 2
1444 1
1443 2
1442 4
1441 2
1440 1
1439 2
1438 4
1437 2
1436 1
1435 2
1434 4
1433 2
1432 1
1431 2
1430 4
1429 2
1428 1
1427 2
1426 4
1425 2
1424 1
1423 2
1422 4
1421 2
1420 1
1419 2
1418 4
1417 2
1416 1
1415 2
1414 4
1413 2
1412 1
1411 2
1410 4
1409 2
1408 1
1407 2
1406 4
1405 2
1404 1
1403 2
1402 4
1401 2
1400 1
1399 2
1398 4
1397 2
1396 1
1395 2
1394 4
1393 2
1392 1
1391 2
1390 4
1389 2
1388 1
1387 2
1386 4
1385 2
1384 1
1383 2
1382 4
1381 2
1380 1
1379 2
1378 4
1377 2
1376 1
1375 2
1374 4
1373 2
1372 1
1371 2
1370 4
1369 2
1368 1
1367 2
1366 4
1365 2
1364 1
1363 2
1362 4
1361 2
1360 1
1359 2
1358 4
1357 2
1356 1
1355 2
1354 4
1353 2
1352 1
1351 2
1350 4
1349 2
1348 1
1347 2
1346 4
1345 2
1344 1
1343 2
1342 4
1341 2
1340 1
1339 2
1338 4
1337 2
1336 1
1335 2
1334 4
1333 2
1332 1
1331 2
1330 4
1329 2
1328 1
1327 2
1326 4
1325 2
1324 1
1323 2
1322 4
1321 2
1320 1
1319 2
1318 4
1317 2
1316 1
1315 2
1314 4
1313 2
1312 1
1311 2
1310 4
1309 2
1308 1
1307 2
1306 4
1305 2
1304 1
1303 2
1302 4
1301 2
1300 1
1299 2
1298 4
1297 2
1296 1
1295 2
1294 4
1293 2
1292 1
1291 2
1290 4
1289 2
1288 1
1287 2
1286 4
1285 2
1284 1
1283 2
1282 4
1281 2
1280 1
1279 2
1278 4
1277 2
1276 1
1275 2
1274 4
1273 2
1272 1
1271 2
1270 4
1269 2
1268 1
1267 2
1266 4
1265 2
1264 1
1263 2
1262 4
1261 2
1260 1
1259 2
1258 4
1257 2
1256 1
1255 2
1254 4
1253 2
1252 1
1251 2
1250 4
1249 2
1248 1
1247 2
1246 4
1245 2
1244 1
1243 2
1242 4
1241 2
1240 1
1239 2
1238 4
1237 2
1236 1
1235 2
1234 4
1233 2
1232 1
1231 2
1230 4
1229 2
1228 1
1227 2
1226 4
1225 2
1224 1
1223 2
1222 4
1221 2
1220 1
1219 2
1218 4
1217 2
1216 1
1215 2
1214 4
1213 2
1212 1
1211 2
1210 4
1209 2
1208 1
1207 2
1206 4
1205 2
1204 1
1203 2
1202 4
1201 2
1200 1
1199 2
1198 4
1197 2
1196 1
1195 2
1194 4
1193 2
1192 1
1191 2
1190 4
1189 2
1188 1
1187 2
1186 4
1185 2
1184 1
1183 2
1182 4
1181 2
1180 1
1179 2
1178 4
1177 2
1176 1
1175 2
1174 4
1173 2
1172 1
1171 2
1170 4
1169 2
1168 1
1167 2
1166 4
1165 2
1164 1
1163 2
1162 4
1161 2
1160 1
1159 2
1158 4
1157 2
1156 1
1155 2
1154 4
1153 2
1152 1
1151 2
1150 4
1149 2
1148 1
1147 2
1146 4
1145 2
1144 1
1143 2
1142 4
1141 2
1140 1
1139 2
1138 4
1137 2
1136 1
1135 2
1134 4
1133 2
1132 1
1131 2
1130 4
1129 2
1128 1
1127 2
1126 4
1125 2
1124 1
1123 2
1122 4
1121 2
1120 1
1119 2
1118 4
1117 2
1116 1
1115 2
1114 4
1113 2
1112 1
1111 2
1110 4
1109 2
1108 1
1107 2
1106 4
1105 2
1104 1
1103 2
1102 4
1101 2
1100 1
1099 2
1098 4
1097 2
1096 1
1095 2
1094 4
1093 2
1092 1
1091 2
1090 4
1089 2
1088 1
1087 2
1086 4
1085 2
1084 1
1083 2
1082 4
1081 2
1080 1
1079 2
1078 4
1077 2
1076 1
1075 2
1074 4
1073 2
1072 1
1071 2
1070 4
1069 2
1068 1
1067 2
1066 4
1065 2
1064 1
1063 2
1062 4
1061 2
1060 1
1059 2
1058 4
1057 2
1056 1
1055 2
1054 4
1053 2
1052 1
1051 2
1050 4
1049 2
1048 1
1047 2
1046 4
1045 2
1044 1
1043 2
1042 4
1041 2
1040 1
1039 2
1038 4
1037 2
1036 1
1035 2
1034 4
1033 2
1032 1
1031 2
1030 4
1029 2
1028 1
1027 2
1026 4
1025 2
1024 1
1023 2
1022 4
1021 2
1020 1
1019 2
1018 4
1017 2
1016 1
1015 2
1014 4
1013 2
1012 1
1011 2
1010 4
1009 2
1008 1
1007 2
1006 4
1005 2
1004 1
1003 2
1002 4
1001 2
1000 1
999 2
998 4
997 2
996 1
995 2
994 4
993 2
992 1
991 2
990 4
989 2
988 1
987 2
986 4
985 2
984 1
983 2
982 4
981 2
980 1
979 2
978 4
977 2
976 1
975 2
974 4
973 2
972 1
971 2
970 4
969 2
968 1
967 2
966 4
965 2
964 1
963 2
962 4
961 2
960 1
959 2
958 4
957 2
956 1
955 2
954 4
953 2
952 1
951 2
950 4
949 2
948 1
947 2
946 4
945 2
944 1
943 2
942 4
941 2
940 1
939 2
938 4
937 2
936 1
935 2
934 4
933 2
932 1
931 2
930 4
929 2
928 1
927 2
926 4
925 2
924 1
923 2
922 4
921 2
920 1
919 2
918 4
917 2
916 1
915 2
914 4
913 2
912 1
911 2
910 4
909 2
908 1
907 2
906 4
905 2
904 1
903 2
902 4
901 2
900 1
899 2
898 4
897 2
896 1
895 2
894 4
893 2
892 1
891 2
890 4
889 2
888 1
887 2
886 4
885 2
884 1
883 2
882 4
881 2
880 1
879 2
878 4
877 2
876 1
875 2
874 4
873 2
872 1
871 2
870 4
869 2
868 1
867 2
866 4
865 2
864 1
863 2
862 4
861 2
860 1
859 2
858 4
857 2
856 1
855 2
854 4
853 2
852 1
851 2
850 4
849 2
848 1
847 2
846 4
845 2
844 1
843 2
842 4
841 2
840 1
839 2
838 4
837 2
836 1
835 2
834 4
833 2
832 1
831 2
830 4
829 2
828 1
827 2
826 4
825 2
824 1
823 2
822 4
821 2
820 1
819 2
818 4
817 2
816 1
815 2
814 4
813 2
812 1
811 2
810 4
809 2
808 1
807 2
806 4
805 2
804 1
803 2
802 4
801 2
800 1
799 2
798 4
797 2
796 1
795 2
794 4
793 2
792 1
791 2
790 4
789 2
788 1
787 2
786 4
785 2
784 1
783 2
782 4
781 2
780 1
779 2
778 4
777 2
776 1
775 2
774 4
773 2
772 1
771 2
770 4
769 2
768 1
767 2
766 4
765 2
764 1
763 2
762 4
761 2
760 1
759 2
758 4
757 2
756 1
755 2
754 4
753 2
752 1
751 2
750 4
749 2
748 1
747 2
746 4
745 2
744 1
743 2
742 4
741 2
740 1
739 2
738 4
737 2
736 1
735 2
734 4
733 2
732 1
731 2
730 4
729 2
728 1
727 2
726 4
725 2
724 1
723 2
722 4
721 2
720 1
719 2
718 4
717 2
716 1
715 2
714 4
713 2
712 1
711 2
710 4
709 2
708 1
707 2
706 4
705 2
704 1
703 2
702 4
701 2
700 1
699 2
698 4
697 2
696 1
695 2
694 4
693 2
692 1
691 2
690 4
689 2
688 1
687 2
686 4
685 2
684 1
683 2
682 4
681 2
680 1
679 2
678 4
677 2
676 1
675 2
674 4
673 2
672 1
671 2
670 4
669 2
668 1
667 2
666 4
665 2
664 1
663 2
662 4
661 2
660 1
659 2
658 4
657 2
656 1
655 2
654 4
653 2
652 1
651 2
650 4
649 2
648 1
647 2
646 4
645 2
644 1
643 2
642 4
641 2
640 1
639 2
638 4
637 2
636 1
635 2
634 4
633 2
632 1
631 2
630 4
629 2
628 1
627 2
626 4
625 2
624 1
623 2
622 4
621 2
620 1
619 2
618 4
617 2
616 1
615 2
614 4
613 2
612 1
611 2
610 4
609 2
608 1
607 2
606 4
605 2
604 1
603 2
602 4
601 2
600 1
599 2
598 4
597 2
596 1
595 2
594 4
593 2
592 1
591 2
590 4
589 2
588 1
587 2
586 4
585 2
584 1
583 2
582 4
581 2
580 1
579 2
578 4
577 2
576 1
575 2
574 4
573 2
572 1
571 2
570 4
569 2
568 1
567 2
566 4
565 2
564 1
563 2
562 4
561 2
560 1
559 2
558 4
557 2
556 1
555 2
554 4
553 2
552 1
551 2
550 4
549 2
548 1
547 2
546 4
545 2
544 1
543 2
542 4
541 2
540 1
539 2
538 4
537 2
536 1
535 2
534 4
533 2
532 1
531 2
530 4
529 2
528 1
527 2
526 4
525 2
524 1
523 2
522 4
521 2
520 1
519 2
518 4
517 2
516 1
515 2
514 4
513 2
512 1
511 2
510 4
509 2
508 1
507 2
506 4
505 2
504 1
503 2
502 4
501 2
500 1
499 2
498 4
497 2
496 1
495 2
494 4
493 2
492 1
491 2
490 4
489 2
488 1
487 2
486 4
485 2
484 1
483 2
482 4
481 2
480 1
479 2
478 4
477 2
476 1
475 2
474 4
473 2
472 1
471 2
470 4
469 2
468 1
467 2
466 4
465 2
464 1
463 2
462 4
461 2
460 1
459 2
458 4
457 2
456 1
455 2
454 4
453 2
452 1
451 2
450 4
449 2
448 1
447 2
446 4
445 2
444 1
443 2
442 4
441 2
440 1
439 2
438 4
437 2
436 1
435 2
434 4
433 2
432 1
431 2
430 4
429 2
428 1
427 2
426 4
425 2
424 1
423 2
422 4
421 2
420 1
419 2
418 4
417 2
416 1
415 2
414 4
413 2
412 1
411 2
410 4
409 2
408 1
407 2
406 4
405 2
404 1
403 2
402 4
401 2
400 1
399 2
398 4
397 2
396 1
395 2
394 4
393 2
392 1
391 2
390 4
389 2
388 1
387 2
386 4
385 2
384 1
383 2
382 4
381 2
380 1
379 2
378 4
377 2
376 1
375 2
374 4
373 2
372 1
371 2
370 4
369 2
368 1
367 2
366 4
365 2
364 1
363 2
362 4
361 2
360 1
359 2
358 4
357 2
356 1
355 2
354 4
353 2
352 1
351 2
350 4
349 2
348 1
347 2
346 4
345 2
344 1
343 2
342 4
341 2
340 1
339 2
338 4
337 2
336 1
335 2
334 4
333 2
332 1
331 2
330 4
329 2
328 1
327 2
326 4
325 2
324 1
323 2
322 4
321 2
320 1
319 2
318 4
317 2
316 1
315 2
314 4
313 2
312 1
311 2
310 4
309 2
308 1
307 2
306 4
305 2
304 1
303 2
302 4
301 2
300 1
299 2
298 4
297 2
296 1
295 2
294 4
293 2
292 1
291 2
290 4
289 2
288 1
287 2
286 4
285 2
284 1
283 2
282 4
281 2
280 1
279 2
278 4
277 2
276 1
275 2
274 4
273 2
272 1
271 2
270 4
269 2
268 1
267 2
266 4
265 2
264 1
263 2
262 4
261 2
260 1
259 2
258 4
257 2
256 1
255 2
254 4
253 2
252 1
251 2
250 4
249 2
248 1
247 2
246 4
245 2
244 1
243 2
242 4
241 2
240 1
239 2
238 4
237 2
236 1
235 2
234 4
233 2
232 1
231 2
230 4
229 2
228 1
227 2
226 4
225 2
224 1
223 2
222 4
221 2
220 1
219 2
218 4
217 2
216 1
215 2
214 4
213 2
212 1
211 2
210 4
209 2
208 1
207 2
206 4
205 2
204 1
203 2
202 4
201 2
200 1
199 2
198 4
197 2
196 1
195 2
194 4
193 2
192 1
191 2
190 4
189 2
188 1
187 2
186 4
185 2
184 1
183 2
182 4
181 2
180 1
179 2
178 4
177 2
176 1
175 2
174 4
173 2
172 1
171 2
170 4
169 2
168 1
167 2
166 4
165 2
164 1
163 2
162 4
161 2
160 1
159 2
158 4
157 2
156 1
155 2
154 4
153 2
152 1
151 2
150 4
149 2
148 1
147 2
146 4
145 2
144 1
143 2
142 4
141 2
140 1
139 2
138 4
137 2
136 1
135 2
134 4
133 2
132 1
131 2
130 4
129 2
128 1
127 2
126 4
125 2
124 1
123 2
122 4
121 2
120 1
119 2
118 4
117 2
116 1
115 2
114 4
113 2
112 1
111 2
110 4
109 2
108 1
107 2
106 4
105 2
104 1
103 2
102 4
101 2
100 1
99 2
98 4
97 2
96 1
95 2
94 4
93 2
92 1
91 2
90 4
89 2
88 1
87 2
86 4
85 2
84 1
83 2
82 4
81 2
80 1
79 2
78 4
77 2
76 1
75 2
74 4
73 2
72 1
71 2
70 4
69 2
68 1
67 2
66 4
65 2
64 1
63 2
62 4
61 2
60 1
59 2
58 4
57 2
56 1
55 2
54 4
53 2
52 1
51 2
50 4
49 2
48 1
47 2
46 4
45 2
44 1
43 2
42 4
41 2
40 1
39 2
38 4
37 2
36 1
35 2
34 4
33 2
32 1
31 2
30 4
29 2
28 1
27 2
26 4
25 2
24 1
23 2
22 4
21 2
20 1
19 2
18 4
17 2
16 1
15 2
14 4
13 2
12 1
11 2
10 4
9 2
8 1
7 2
6 4
5 2
4 1
3 2
2 4
1 2
0 1
