0 0
1 2
2 3
3 2
4 0
5 2
6 3
7 2
8 0
9 2
10 3
11 2
12 0
13 2
14 3
15 2
16 0
17 2
18 3
19 2
20 0
21 2
22 3
23 2
24 0
25 2
26 3
27 2
28 0
29 2
30 3
31 2
32 0
33 2
34 3
35 2
36 0
37 2
38 3
39 2
40 0
41 2
42 3
43 2
44 0
45 2
46 3
47 2
48 0
49 2
50 3
51 2
52 0
53 2
54 3
55 2
56 0
57 2
58 3
59 2
60 0
61 2
62 3
63 2
64 0
65 2
66 3
67 2
68 0
69 2
70 3
71 2
72 0
73 2
74 3
75 2
76 0
77 2
78 3
79 2
80 0
81 2
82 3
83 2
84 0
85 2
86 3
87 2
88 0
89 2
90 3
91 2
92 0
93 2
94 3
95 2
96 0
97 2
98 3
99 2
100 0
101 2
102 3
103 2
104 0
105 2
106 3
107 2
108 0
109 2
110 3
111 2
112 0
113 2
114 3
115 2
116 0
117 2
118 3
119 2
120 0
121 2
122 3
123 2
124 0
125 2
126 3
127 2
128 0
129 2
130 3
131 2
132 0
133 2
134 3
135 2
136 0
137 2
138 3
139 2
140 0
141 2
142 3
143 2
144 0
145 2
146 3
147 2
148 0
149 2
150 3
150 4
149 3
148 1
147 3
146 4
145 3
144 1
143 3
142 4
141 3
140 1
139 3
138 4
137 3
136 1
135 3
134 4
133 3
132 1
131 3
130 4
129 3
128 1
127 3
126 4
125 3
124 1
123 3
122 4
121 3
120 1
119 3
118 4
117 3
116 1
115 3
114 4
113 3
112 1
111 3
110 4
109 3
108 1
107 3
106 4
105 3
104 1
103 3
102 4
101 3
100 1
99 3
98 4
97 3
96 1
95 3
94 4
93 3
92 1
91 3
90 4
89 3
88 1
87 3
86 4
85 3
84 1
83 3
82 4
81 3
80 1
79 3
78 4
77 3
76 1
75 3
74 4
73 3
72 1
71 3
70 4
69 3
68 1
67 3
66 4
65 3
64 1
63 3
62 4
61 3
60 1
59 3
58 4
57 3
56 1
55 3
54 4
53 3
52 1
51 3
50 4
49 3
48 1
47 3
46 4
45 3
44 1
43 3
42 4
41 3
40 1
39 3
38 4
37 3
36 1
35 3
34 4
33 3
32 1
31 3
30 4
29 3
28 1
27 3
26 4
25 3
24 1
23 3
22 4
21 3
20 1
19 3
18 4
17 3
16 1
15 3
14 4
13 3
12 1
11 3
10 4
9 3
8 1
7 3
6 4
5 3
4 1
3 3
2 4
1 3
0 1
