0 0
1 1
2 3
3 1
4 0
5 1
6 3
7 1
8 0
9 1
10 3
11 1
12 0
13 1
14 3
15 1
16 0
17 1
18 3
19 1
20 0
21 1
22 3
23 1
24 0
25 1
26 3
27 1
28 0
29 1
30 3
31 1
32 0
33 1
34 3
35 1
36 0
37 1
38 3
39 1
40 0
41 1
42 3
43 1
44 0
45 1
46 3
47 1
48 0
49 1
50 3
51 1
52 0
53 1
54 3
55 1
56 0
57 1
58 3
59 1
60 0
61 1
62 3
63 1
64 0
65 1
66 3
67 1
68 0
69 1
70 3
71 1
72 0
73 1
74 3
75 1
76 0
77 1
78 3
79 1
80 0
81 1
82 3
83 1
84 0
85 1
86 3
87 1
88 0
89 1
90 3
91 1
92 0
93 1
94 3
95 1
96 0
97 1
98 3
99 1
100 0
101 1
102 3
103 1
104 0
105 1
106 3
107 1
108 0
109 1
110 3
111 1
112 0
113 1
114 3
115 1
116 0
117 1
118 3
119 1
120 0
121 1
122 3
123 1
124 0
125 1
126 3
127 1
128 0
129 1
130 3
131 1
132 0
133 1
134 3
135 1
136 0
137 1
138 3
139 1
140 0
141 1
142 3
143 1
144 0
145 1
146 3
147 1
148 0
149 1
150 3
151 1
152 0
153 1
154 3
155 1
156 0
157 1
158 3
159 1
160 0
161 1
162 3
163 1
164 0
165 1
166 3
167 1
168 0
169 1
170 3
171 1
172 0
173 1
174 3
175 1
176 0
177 1
178 3
179 1
180 0
181 1
182 3
183 1
184 0
185 1
186 3
187 1
188 0
189 1
190 3
191 1
192 0
193 1
194 3
195 1
196 0
197 1
198 3
199 1
200 0
200 1
199 2
198 4
197 2
196 1
195 2
194 4
193 2
192 1
191 2
190 4
189 2
188 1
187 2
186 4
185 2
184 1
183 2
182 4
181 2
180 1
179 2
178 4
177 2
176 1
175 2
174 4
173 2
172 1
171 2
170 4
169 2
168 1
167 2
166 4
165 2
164 1
163 2
162 4
161 2
160 1
159 2
158 4
157 2
156 1
155 2
154 4
153 2
152 1
151 2
150 4
149 2
148 1
147 2
146 4
145 2
144 1
143 2
142 4
141 2
140 1
139 2
138 4
137 2
136 1
135 2
134 4
133 2
132 1
131 2
130 4
129 2
128 1
127 2
126 4
125 2
124 1
123 2
122 4
121 2
120 1
119 2
118 4
117 2
116 1
115 2
114 4
113 2
112 1
111 2
110 4
109 2
108 1
107 2
106 4
105 2
104 1
103 2
102 4
101 2
100 1
99 2
98 4
97 2
96 1
95 2
94 4
93 2
92 1
91 2
90 4
89 2
88 1
87 2
86 4
85 2
84 1
83 2
82 4
81 2
80 1
79 2
78 4
77 2
76 1
75 2
74 4
73 2
72 1
71 2
70 4
69 2
68 1
67 2
66 4
65 2
64 1
63 2
62 4
61 2
60 1
59 2
58 4
57 2
56 1
55 2
54 4
53 2
52 1
51 2
50 4
49 2
48 1
47 2
46 4
45 2
44 1
43 2
42 4
41 2
40 1
39 2
38 4
37 2
36 1
35 2
34 4
33 2
32 1
31 2
30 4
29 2
28 1
27 2
26 4
25 2
24 1
23 2
22 4
21 2
20 1
19 2
18 4
17 2
16 1
15 2
14 4
13 2
12 1
11 2
10 4
9 2
8 1
7 2
6 4
5 2
4 1
3 2
2 4
1 2
0 1
