0 0
1 2
2 0
3 2
4 0
5 2
6 0
7 2
8 0
9 2
10 0
11 2
12 0
13 2
14 0
15 2
16 0
17 2
18 0
19 2
20 0
21 2
22 0
23 2
24 0
25 2
26 0
27 2
28 0
29 2
30 0
31 2
32 0
33 2
34 0
35 2
36 0
37 2
38 0
39 2
40 0
41 2
42 0
43 2
44 0
45 2
46 0
47 2
48 0
49 2
50 0
51 2
52 0
53 2
54 0
55 2
56 0
57 2
58 0
59 2
60 0
61 2
62 0
63 2
64 0
65 2
66 0
67 2
68 0
69 2
70 0
71 2
72 0
73 2
74 0
75 2
76 0
77 2
78 0
79 2
80 0
81 2
82 0
83 2
84 0
85 2
86 0
87 2
88 0
89 2
90 0
91 2
92 0
93 2
94 0
95 2
96 0
97 2
98 0
99 2
100 0
101 2
102 0
103 2
104 0
105 2
106 0
107 2
108 0
109 2
110 0
111 2
112 0
113 2
114 0
115 2
116 0
117 2
118 0
119 2
120 0
121 2
122 0
123 2
124 0
125 2
126 0
127 2
128 0
129 2
130 0
131 2
132 0
133 2
134 0
135 2
136 0
137 2
138 0
139 2
140 0
141 2
142 0
143 2
144 0
145 2
146 0
147 2
148 0
149 2
150 0
151 2
152 0
153 2
154 0
155 2
156 0
157 2
158 0
159 2
160 0
161 2
162 0
163 2
164 0
165 2
166 0
167 2
168 0
169 2
170 0
171 2
172 0
173 2
174 0
175 2
176 0
177 2
178 0
179 2
180 0
181 2
182 0
183 2
184 0
185 2
186 0
187 2
188 0
189 2
190 0
191 2
192 0
193 2
194 0
195 2
196 0
197 2
198 0
199 2
200 0
201 2
202 0
203 2
204 0
205 2
206 0
207 2
208 0
209 2
210 0
211 2
212 0
213 2
214 0
215 2
216 0
217 2
218 0
219 2
220 0
221 2
222 0
223 2
224 0
225 2
226 0
227 2
228 0
229 2
230 0
231 2
232 0
233 2
234 0
235 2
236 0
237 2
238 0
239 2
240 0
241 2
242 0
243 2
244 0
245 2
246 0
247 2
248 0
249 2
250 0
251 2
252 0
253 2
254 0
255 2
256 0
257 2
258 0
259 2
260 0
261 2
262 0
263 2
264 0
265 2
266 0
267 2
268 0
269 2
270 0
271 2
272 0
273 2
274 0
275 2
276 0
277 2
278 0
279 2
280 0
281 2
282 0
283 2
284 0
285 2
286 0
287 2
288 0
289 2
290 0
291 2
292 0
293 2
294 0
295 2
296 0
297 2
298 0
299 2
300 0
301 2
302 0
303 2
304 0
305 2
306 0
307 2
308 0
309 2
310 0
311 2
312 0
313 2
314 0
315 2
316 0
317 2
318 0
319 2
320 0
321 2
322 0
323 2
324 0
325 2
326 0
327 2
328 0
329 2
330 0
331 2
332 0
333 2
334 0
335 2
336 0
337 2
338 0
339 2
340 0
341 2
342 0
343 2
344 0
345 2
346 0
347 2
348 0
349 2
350 0
351 2
352 0
353 2
354 0
355 2
356 0
357 2
358 0
359 2
360 0
361 2
362 0
363 2
364 0
365 2
366 0
367 2
368 0
369 2
370 0
371 2
372 0
373 2
374 0
375 2
376 0
377 2
378 0
379 2
380 0
381 2
382 0
383 2
384 0
385 2
386 0
387 2
388 0
389 2
390 0
391 2
392 0
393 2
394 0
395 2
396 0
397 2
398 0
399 2
400 0
401 2
402 0
403 2
404 0
405 2
406 0
407 2
408 0
409 2
410 0
411 2
412 0
413 2
414 0
415 2
416 0
417 2
418 0
419 2
420 0
421 2
422 0
423 2
424 0
425 2
426 0
427 2
428 0
429 2
430 0
431 2
432 0
433 2
434 0
435 2
436 0
437 2
438 0
439 2
440 0
441 2
442 0
443 2
444 0
445 2
446 0
447 2
448 0
449 2
450 0
451 2
452 0
453 2
454 0
455 2
456 0
457 2
458 0
459 2
460 0
461 2
462 0
463 2
464 0
465 2
466 0
467 2
468 0
469 2
470 0
471 2
472 0
473 2
474 0
475 2
476 0
477 2
478 0
479 2
480 0
481 2
482 0
483 2
484 0
485 2
486 0
487 2
488 0
489 2
490 0
491 2
492 0
493 2
494 0
495 2
496 0
497 2
498 0
499 2
500 0
501 2
502 0
503 2
504 0
505 2
506 0
507 2
508 0
509 2
510 0
511 2
512 0
513 2
514 0
515 2
516 0
517 2
518 0
519 2
520 0
521 2
522 0
523 2
524 0
525 2
526 0
527 2
528 0
529 2
530 0
531 2
532 0
533 2
534 0
535 2
536 0
537 2
538 0
539 2
540 0
541 2
542 0
543 2
544 0
545 2
546 0
547 2
548 0
549 2
550 0
551 2
552 0
553 2
554 0
555 2
556 0
557 2
558 0
559 2
560 0
561 2
562 0
563 2
564 0
565 2
566 0
567 2
568 0
569 2
570 0
571 2
572 0
573 2
574 0
575 2
576 0
577 2
578 0
579 2
580 0
581 2
582 0
583 2
584 0
585 2
586 0
587 2
588 0
589 2
590 0
591 2
592 0
593 2
594 0
595 2
596 0
597 2
598 0
599 2
600 0
601 2
602 0
603 2
604 0
605 2
606 0
607 2
608 0
609 2
610 0
611 2
612 0
613 2
614 0
615 2
616 0
617 2
618 0
619 2
620 0
621 2
622 0
623 2
624 0
625 2
626 0
627 2
628 0
629 2
630 0
631 2
632 0
633 2
634 0
635 2
636 0
637 2
638 0
639 2
640 0
641 2
642 0
643 2
644 0
645 2
646 0
647 2
648 0
649 2
650 0
651 2
652 0
653 2
654 0
655 2
656 0
657 2
658 0
659 2
660 0
661 2
662 0
663 2
664 0
665 2
666 0
667 2
668 0
669 2
670 0
671 2
672 0
673 2
674 0
675 2
676 0
677 2
678 0
679 2
680 0
681 2
682 0
683 2
684 0
685 2
686 0
687 2
688 0
689 2
690 0
691 2
692 0
693 2
694 0
695 2
696 0
697 2
698 0
699 2
700 0
701 2
702 0
703 2
704 0
705 2
706 0
707 2
708 0
709 2
710 0
711 2
712 0
713 2
714 0
715 2
716 0
717 2
718 0
719 2
720 0
721 2
722 0
723 2
724 0
725 2
726 0
727 2
728 0
729 2
730 0
731 2
732 0
733 2
734 0
735 2
736 0
737 2
738 0
739 2
740 0
741 2
742 0
743 2
744 0
745 2
746 0
747 2
748 0
749 2
750 0
751 2
752 0
753 2
754 0
755 2
756 0
757 2
758 0
759 2
760 0
761 2
762 0
763 2
764 0
765 2
766 0
767 2
768 0
769 2
770 0
771 2
772 0
773 2
774 0
775 2
776 0
777 2
778 0
779 2
780 0
781 2
782 0
783 2
784 0
785 2
786 0
787 2
788 0
789 2
790 0
791 2
792 0
793 2
794 0
795 2
796 0
797 2
798 0
799 2
800 0
801 2
802 0
803 2
804 0
805 2
806 0
807 2
808 0
809 2
810 0
811 2
812 0
813 2
814 0
815 2
816 0
817 2
818 0
819 2
820 0
821 2
822 0
823 2
824 0
825 2
826 0
827 2
828 0
829 2
830 0
831 2
832 0
833 2
834 0
835 2
836 0
837 2
838 0
839 2
840 0
841 2
842 0
843 2
844 0
845 2
846 0
847 2
848 0
849 2
850 0
851 2
852 0
853 2
854 0
855 2
856 0
857 2
858 0
859 2
860 0
861 2
862 0
863 2
864 0
865 2
866 0
867 2
868 0
869 2
870 0
871 2
872 0
873 2
874 0
875 2
876 0
877 2
878 0
879 2
880 0
881 2
882 0
883 2
884 0
885 2
886 0
887 2
888 0
889 2
890 0
891 2
892 0
893 2
894 0
895 2
896 0
897 2
898 0
899 2
900 0
901 2
902 0
903 2
904 0
905 2
906 0
907 2
908 0
909 2
910 0
911 2
912 0
913 2
914 0
915 2
916 0
917 2
918 0
919 2
920 0
921 2
922 0
923 2
924 0
925 2
926 0
927 2
928 0
929 2
930 0
931 2
932 0
933 2
934 0
935 2
936 0
937 2
938 0
939 2
940 0
941 2
942 0
943 2
944 0
945 2
946 0
947 2
948 0
949 2
950 0
951 2
952 0
953 2
954 0
955 2
956 0
957 2
958 0
959 2
960 0
961 2
962 0
963 2
964 0
965 2
966 0
967 2
968 0
969 2
970 0
971 2
972 0
973 2
974 0
975 2
976 0
977 2
978 0
979 2
980 0
981 2
982 0
983 2
984 0
985 2
986 0
987 2
988 0
989 2
990 0
991 2
992 0
993 2
994 0
995 2
996 0
997 2
998 0
999 2
1000 0
1001 2
1002 0
1003 2
1004 0
1005 2
1006 0
1007 2
1008 0
1009 2
1010 0
1011 2
1012 0
1013 2
1014 0
1015 2
1016 0
1017 2
1018 0
1019 2
1020 0
1021 2
1022 0
1023 2
1024 0
1025 2
1026 0
1027 2
1028 0
1029 2
1030 0
1031 2
1032 0
1033 2
1034 0
1035 2
1036 0
1037 2
1038 0
1039 2
1040 0
1041 2
1042 0
1043 2
1044 0
1045 2
1046 0
1047 2
1048 0
1049 2
1050 0
1051 2
1052 0
1053 2
1054 0
1055 2
1056 0
1057 2
1058 0
1059 2
1060 0
1061 2
1062 0
1063 2
1064 0
1065 2
1066 0
1067 2
1068 0
1069 2
1070 0
1071 2
1072 0
1073 2
1074 0
1075 2
1076 0
1077 2
1078 0
1079 2
1080 0
1081 2
1082 0
1083 2
1084 0
1085 2
1086 0
1087 2
1088 0
1089 2
1090 0
1091 2
1092 0
1093 2
1094 0
1095 2
1096 0
1097 2
1098 0
1099 2
1100 0
1101 2
1102 0
1103 2
1104 0
1105 2
1106 0
1107 2
1108 0
1109 2
1110 0
1111 2
1112 0
1113 2
1114 0
1115 2
1116 0
1117 2
1118 0
1119 2
1120 0
1121 2
1122 0
1123 2
1124 0
1125 2
1126 0
1127 2
1128 0
1129 2
1130 0
1131 2
1132 0
1133 2
1134 0
1135 2
1136 0
1137 2
1138 0
1139 2
1140 0
1141 2
1142 0
1143 2
1144 0
1145 2
1146 0
1147 2
1148 0
1149 2
1150 0
1151 2
1152 0
1153 2
1154 0
1155 2
1156 0
1157 2
1158 0
1159 2
1160 0
1161 2
1162 0
1163 2
1164 0
1165 2
1166 0
1167 2
1168 0
1169 2
1170 0
1171 2
1172 0
1173 2
1174 0
1175 2
1176 0
1177 2
1178 0
1179 2
1180 0
1181 2
1182 0
1183 2
1184 0
1185 2
1186 0
1187 2
1188 0
1189 2
1190 0
1191 2
1192 0
1193 2
1194 0
1195 2
1196 0
1197 2
1198 0
1199 2
1200 0
1201 2
1202 0
1203 2
1204 0
1205 2
1206 0
1207 2
1208 0
1209 2
1210 0
1211 2
1212 0
1213 2
1214 0
1215 2
1216 0
1217 2
1218 0
1219 2
1220 0
1221 2
1222 0
1223 2
1224 0
1225 2
1226 0
1227 2
1228 0
1229 2
1230 0
1231 2
1232 0
1233 2
1234 0
1235 2
1236 0
1237 2
1238 0
1239 2
1240 0
1241 2
1242 0
1243 2
1244 0
1245 2
1246 0
1247 2
1248 0
1249 2
1250 0
1251 2
1252 0
1253 2
1254 0
1255 2
1256 0
1257 2
1258 0
1259 2
1260 0
1261 2
1262 0
1263 2
1264 0
1265 2
1266 0
1267 2
1268 0
1269 2
1270 0
1271 2
1272 0
1273 2
1274 0
1275 2
1276 0
1277 2
1278 0
1279 2
1280 0
1281 2
1282 0
1283 2
1284 0
1285 2
1286 0
1287 2
1288 0
1289 2
1290 0
1291 2
1292 0
1293 2
1294 0
1295 2
1296 0
1297 2
1298 0
1299 2
1300 0
1301 2
1302 0
1303 2
1304 0
1305 2
1306 0
1307 2
1308 0
1309 2
1310 0
1311 2
1312 0
1313 2
1314 0
1315 2
1316 0
1317 2
1318 0
1319 2
1320 0
1321 2
1322 0
1323 2
1324 0
1325 2
1326 0
1327 2
1328 0
1329 2
1330 0
1331 2
1332 0
1333 2
1334 0
1335 2
1336 0
1337 2
1338 0
1339 2
1340 0
1341 2
1342 0
1343 2
1344 0
1345 2
1346 0
1347 2
1348 0
1349 2
1350 0
1351 2
1352 0
1353 2
1354 0
1355 2
1356 0
1357 2
1358 0
1359 2
1360 0
1361 2
1362 0
1363 2
1364 0
1365 2
1366 0
1367 2
1368 0
1369 2
1370 0
1371 2
1372 0
1373 2
1374 0
1375 2
1376 0
1377 2
1378 0
1379 2
1380 0
1381 2
1382 0
1383 2
1384 0
1385 2
1386 0
1387 2
1388 0
1389 2
1390 0
1391 2
1392 0
1393 2
1394 0
1395 2
1396 0
1397 2
1398 0
1399 2
1400 0
1401 2
1402 0
1403 2
1404 0
1405 2
1406 0
1407 2
1408 0
1409 2
1410 0
1411 2
1412 0
1413 2
1414 0
1415 2
1416 0
1417 2
1418 0
1419 2
1420 0
1421 2
1422 0
1423 2
1424 0
1425 2
1426 0
1427 2
1428 0
1429 2
1430 0
1431 2
1432 0
1433 2
1434 0
1435 2
1436 0
1437 2
1438 0
1439 2
1440 0
1441 2
1442 0
1443 2
1444 0
1445 2
1446 0
1447 2
1448 0
1449 2
1450 0
1451 2
1452 0
1453 2
1454 0
1455 2
1456 0
1457 2
1458 0
1459 2
1460 0
1461 2
1462 0
1463 2
1464 0
1465 2
1466 0
1467 2
1468 0
1469 2
1470 0
1471 2
1472 0
1473 2
1474 0
1475 2
1476 0
1477 2
1478 0
1479 2
1480 0
1481 2
1482 0
1483 2
1484 0
1485 2
1486 0
1487 2
1488 0
1489 2
1490 0
1491 2
1492 0
1493 2
1494 0
1495 2
1496 0
1497 2
1498 0
1499 2
1500 0
1501 2
1502 0
1503 2
1504 0
1505 2
1506 0
1507 2
1508 0
1509 2
1510 0
1511 2
1512 0
1513 2
1514 0
1515 2
1516 0
1517 2
1518 0
1519 2
1520 0
1521 2
1522 0
1523 2
1524 0
1525 2
1526 0
1527 2
1528 0
1529 2
1530 0
1531 2
1532 0
1533 2
1534 0
1535 2
1536 0
1537 2
1538 0
1539 2
1540 0
1541 2
1542 0
1543 2
1544 0
1545 2
1546 0
1547 2
1548 0
1549 2
1550 0
1551 2
1552 0
1553 2
1554 0
1555 2
1556 0
1557 2
1558 0
1559 2
1560 0
1561 2
1562 0
1563 2
1564 0
1565 2
1566 0
1567 2
1568 0
1569 2
1570 0
1571 2
1572 0
1573 2
1574 0
1575 2
1576 0
1577 2
1578 0
1579 2
1580 0
1581 2
1582 0
1583 2
1584 0
1585 2
1586 0
1587 2
1588 0
1589 2
1590 0
1591 2
1592 0
1593 2
1594 0
1595 2
1596 0
1597 2
1598 0
1599 2
1600 0
1601 2
1602 0
1603 2
1604 0
1605 2
1606 0
1607 2
1608 0
1609 2
1610 0
1611 2
1612 0
1613 2
1614 0
1615 2
1616 0
1617 2
1618 0
1619 2
1620 0
1621 2
1622 0
1623 2
1624 0
1625 2
1626 0
1627 2
1628 0
1629 2
1630 0
1631 2
1632 0
1633 2
1634 0
1635 2
1636 0
1637 2
1638 0
1639 2
1640 0
1641 2
1642 0
1643 2
1644 0
1645 2
1646 0
1647 2
1648 0
1649 2
1650 0
1651 2
1652 0
1653 2
1654 0
1655 2
1656 0
1657 2
1658 0
1659 2
1660 0
1661 2
1662 0
1663 2
1664 0
1665 2
1666 0
1667 2
1668 0
1669 2
1670 0
1671 2
1672 0
1673 2
1674 0
1675 2
1676 0
1677 2
1678 0
1679 2
1680 0
1681 2
1682 0
1683 2
1684 0
1685 2
1686 0
1687 2
1688 0
1689 2
1690 0
1691 2
1692 0
1693 2
1694 0
1695 2
1696 0
1697 2
1698 0
1699 2
1700 0
1701 2
1702 0
1703 2
1704 0
1705 2
1706 0
1707 2
1708 0
1709 2
1710 0
1711 2
1712 0
1713 2
1714 0
1715 2
1716 0
1717 2
1718 0
1719 2
1720 0
1721 2
1722 0
1723 2
1724 0
1725 2
1726 0
1727 2
1728 0
1729 2
1730 0
1731 2
1732 0
1733 2
1734 0
1735 2
1736 0
1737 2
1738 0
1739 2
1740 0
1741 2
1742 0
1743 2
1744 0
1745 2
1746 0
1747 2
1748 0
1749 2
1750 0
1751 2
1752 0
1753 2
1754 0
1755 2
1756 0
1757 2
1758 0
1759 2
1760 0
1761 2
1762 0
1763 2
1764 0
1765 2
1766 0
1767 2
1768 0
1769 2
1770 0
1771 2
1772 0
1773 2
1774 0
1775 2
1776 0
1777 2
1778 0
1779 2
1780 0
1781 2
1782 0
1783 2
1784 0
1785 2
1786 0
1787 2
1788 0
1789 2
1790 0
1791 2
1792 0
1793 2
1794 0
1795 2
1796 0
1797 2
1798 0
1799 2
1800 0
1801 2
1802 0
1803 2
1804 0
1805 2
1806 0
1807 2
1808 0
1809 2
1810 0
1811 2
1812 0
1813 2
1814 0
1815 2
1816 0
1817 2
1818 0
1819 2
1820 0
1821 2
1822 0
1823 2
1824 0
1825 2
1826 0
1827 2
1828 0
1829 2
1830 0
1831 2
1832 0
1833 2
1834 0
1835 2
1836 0
1837 2
1838 0
1839 2
1840 0
1841 2
1842 0
1843 2
1844 0
1845 2
1846 0
1847 2
1848 0
1849 2
1850 0
1851 2
1852 0
1853 2
1854 0
1855 2
1856 0
1857 2
1858 0
1859 2
1860 0
1861 2
1862 0
1863 2
1864 0
1865 2
1866 0
1867 2
1868 0
1869 2
1870 0
1871 2
1872 0
1873 2
1874 0
1875 2
1876 0
1877 2
1878 0
1879 2
1880 0
1881 2
1882 0
1883 2
1884 0
1885 2
1886 0
1887 2
1888 0
1889 2
1890 0
1891 2
1892 0
1893 2
1894 0
1895 2
1896 0
1897 2
1898 0
1899 2
1900 0
1901 2
1902 0
1903 2
1904 0
1905 2
1906 0
1907 2
1908 0
1909 2
1910 0
1911 2
1912 0
1913 2
1914 0
1915 2
1916 0
1917 2
1918 0
1919 2
1920 0
1921 2
1922 0
1923 2
1924 0
1925 2
1926 0
1927 2
1928 0
1929 2
1930 0
1931 2
1932 0
1933 2
1934 0
1935 2
1936 0
1937 2
1938 0
1939 2
1940 0
1941 2
1942 0
1943 2
1944 0
1945 2
1946 0
1947 2
1948 0
1949 2
1950 0
1951 2
1952 0
1953 2
1954 0
1955 2
1956 0
1957 2
1958 0
1959 2
1960 0
1961 2
1962 0
1963 2
1964 0
1965 2
1966 0
1967 2
1968 0
1969 2
1970 0
1971 2
1972 0
1973 2
1974 0
1975 2
1976 0
1977 2
1978 0
1979 2
1980 0
1981 2
1982 0
1983 2
1984 0
1985 2
1986 0
1987 2
1988 0
1989 2
1990 0
1991 2
1992 0
1993 2
1994 0
1995 2
1996 0
1997 2
1998 0
1999 2
2000 0
2001 2
2002 0
2003 2
2004 0
2005 2
2006 0
2007 2
2008 0
2009 2
2010 0
2011 2
2012 0
2013 2
2014 0
2015 2
2016 0
2017 2
2018 0
2019 2
2020 0
2021 2
2022 0
2023 2
2024 0
2025 2
2026 0
2027 2
2028 0
2029 2
2030 0
2031 2
2032 0
2033 2
2034 0
2035 2
2036 0
2037 2
2038 0
2039 2
2040 0
2041 2
2042 0
2043 2
2044 0
2045 2
2046 0
2047 2
2048 0
2049 2
2050 0
2051 2
2052 0
2053 2
2054 0
2055 2
2056 0
2057 2
2058 0
2059 2
2060 0
2061 2
2062 0
2063 2
2064 0
2065 2
2066 0
2067 2
2068 0
2069 2
2070 0
2071 2
2072 0
2073 2
2074 0
2075 2
2076 0
2077 2
2078 0
2079 2
2080 0
2081 2
2082 0
2083 2
2084 0
2085 2
2086 0
2087 2
2088 0
2089 2
2090 0
2091 2
2092 0
2093 2
2094 0
2095 2
2096 0
2097 2
2098 0
2099 2
2100 0
2101 2
2102 0
2103 2
2104 0
2105 2
2106 0
2107 2
2108 0
2109 2
2110 0
2111 2
2112 0
2113 2
2114 0
2115 2
2116 0
2117 2
2118 0
2119 2
2120 0
2121 2
2122 0
2123 2
2124 0
2125 2
2126 0
2127 2
2128 0
2129 2
2130 0
2131 2
2132 0
2133 2
2134 0
2135 2
2136 0
2137 2
2138 0
2139 2
2140 0
2141 2
2142 0
2143 2
2144 0
2145 2
2146 0
2147 2
2148 0
2149 2
2150 0
2151 2
2152 0
2153 2
2154 0
2155 2
2156 0
2157 2
2158 0
2159 2
2160 0
2161 2
2162 0
2163 2
2164 0
2165 2
2166 0
2167 2
2168 0
2169 2
2170 0
2171 2
2172 0
2173 2
2174 0
2175 2
2176 0
2177 2
2178 0
2179 2
2180 0
2181 2
2182 0
2183 2
2184 0
2185 2
2186 0
2187 2
2188 0
2189 2
2190 0
2191 2
2192 0
2193 2
2194 0
2195 2
2196 0
2197 2
2198 0
2199 2
2200 0
2201 2
2202 0
2203 2
2204 0
2205 2
2206 0
2207 2
2208 0
2209 2
2210 0
2211 2
2212 0
2213 2
2214 0
2215 2
2216 0
2217 2
2218 0
2219 2
2220 0
2221 2
2222 0
2223 2
2224 0
2225 2
2226 0
2227 2
2228 0
2229 2
2230 0
2231 2
2232 0
2233 2
2234 0
2235 2
2236 0
2237 2
2238 0
2239 2
2240 0
2241 2
2242 0
2243 2
2244 0
2245 2
2246 0
2247 2
2248 0
2249 2
2250 0
2251 2
2252 0
2253 2
2254 0
2255 2
2256 0
2257 2
2258 0
2259 2
2260 0
2261 2
2262 0
2263 2
2264 0
2265 2
2266 0
2267 2
2268 0
2269 2
2270 0
2271 2
2272 0
2273 2
2274 0
2275 2
2276 0
2277 2
2278 0
2279 2
2280 0
2281 2
2282 0
2283 2
2284 0
2285 2
2286 0
2287 2
2288 0
2289 2
2290 0
2291 2
2292 0
2293 2
2294 0
2295 2
2296 0
2297 2
2298 0
2299 2
2300 0
2301 2
2302 0
2303 2
2304 0
2305 2
2306 0
2307 2
2308 0
2309 2
2310 0
2311 2
2312 0
2313 2
2314 0
2315 2
2316 0
2317 2
2318 0
2319 2
2320 0
2321 2
2322 0
2323 2
2324 0
2325 2
2326 0
2327 2
2328 0
2329 2
2330 0
2331 2
2332 0
2333 2
2334 0
2335 2
2336 0
2337 2
2338 0
2339 2
2340 0
2341 2
2342 0
2343 2
2344 0
2345 2
2346 0
2347 2
2348 0
2349 2
2350 0
2351 2
2352 0
2353 2
2354 0
2355 2
2356 0
2357 2
2358 0
2359 2
2360 0
2361 2
2362 0
2363 2
2364 0
2365 2
2366 0
2367 2
2368 0
2369 2
2370 0
2371 2
2372 0
2373 2
2374 0
2375 2
2376 0
2377 2
2378 0
2379 2
2380 0
2381 2
2382 0
2383 2
2384 0
2385 2
2386 0
2387 2
2388 0
2389 2
2390 0
2391 2
2392 0
2393 2
2394 0
2395 2
2396 0
2397 2
2398 0
2399 2
2400 0
2401 2
2402 0
2403 2
2404 0
2405 2
2406 0
2407 2
2408 0
2409 2
2410 0
2411 2
2412 0
2413 2
2414 0
2415 2
2416 0
2417 2
2418 0
2419 2
2420 0
2421 2
2422 0
2423 2
2424 0
2425 2
2426 0
2427 2
2428 0
2429 2
2430 0
2431 2
2432 0
2433 2
2434 0
2435 2
2436 0
2437 2
2438 0
2439 2
2440 0
2441 2
2442 0
2443 2
2444 0
2445 2
2446 0
2447 2
2448 0
2449 2
2450 0
2451 2
2452 0
2453 2
2454 0
2455 2
2456 0
2457 2
2458 0
2459 2
2460 0
2461 2
2462 0
2463 2
2464 0
2465 2
2466 0
2467 2
2468 0
2469 2
2470 0
2471 2
2472 0
2473 2
2474 0
2475 2
2476 0
2477 2
2478 0
2479 2
2480 0
2481 2
2482 0
2483 2
2484 0
2485 2
2486 0
2487 2
2488 0
2489 2
2490 0
2491 2
2492 0
2493 2
2494 0
2495 2
2496 0
2497 2
2498 0
2499 2
2500 0
2501 2
2502 0
2503 2
2504 0
2505 2
2506 0
2507 2
2508 0
2509 2
2510 0
2511 2
2512 0
2513 2
2514 0
2515 2
2516 0
2517 2
2518 0
2519 2
2520 0
2521 2
2522 0
2523 2
2524 0
2525 2
2526 0
2527 2
2528 0
2529 2
2530 0
2531 2
2532 0
2533 2
2534 0
2535 2
2536 0
2537 2
2538 0
2539 2
2540 0
2541 2
2542 0
2543 2
2544 0
2545 2
2546 0
2547 2
2548 0
2549 2
2550 0
2551 2
2552 0
2553 2
2554 0
2555 2
2556 0
2557 2
2558 0
2559 2
2560 0
2561 2
2562 0
2563 2
2564 0
2565 2
2566 0
2567 2
2568 0
2569 2
2570 0
2571 2
2572 0
2573 2
2574 0
2575 2
2576 0
2577 2
2578 0
2579 2
2580 0
2581 2
2582 0
2583 2
2584 0
2585 2
2586 0
2587 2
2588 0
2589 2
2590 0
2591 2
2592 0
2593 2
2594 0
2595 2
2596 0
2597 2
2598 0
2599 2
2600 0
2601 2
2602 0
2603 2
2604 0
2605 2
2606 0
2607 2
2608 0
2609 2
2610 0
2611 2
2612 0
2613 2
2614 0
2615 2
2616 0
2617 2
2618 0
2619 2
2620 0
2621 2
2622 0
2623 2
2624 0
2625 2
2626 0
2627 2
2628 0
2629 2
2630 0
2631 2
2632 0
2633 2
2634 0
2635 2
2636 0
2637 2
2638 0
2639 2
2640 0
2641 2
2642 0
2643 2
2644 0
2645 2
2646 0
2647 2
2648 0
2649 2
2650 0
2651 2
2652 0
2653 2
2654 0
2655 2
2656 0
2657 2
2658 0
2659 2
2660 0
2661 2
2662 0
2663 2
2664 0
2665 2
2666 0
2667 2
2668 0
2669 2
2670 0
2671 2
2672 0
2673 2
2674 0
2675 2
2676 0
2677 2
2678 0
2679 2
2680 0
2681 2
2682 0
2683 2
2684 0
2685 2
2686 0
2687 2
2688 0
2689 2
2690 0
2691 2
2692 0
2693 2
2694 0
2695 2
2696 0
2697 2
2698 0
2699 2
2700 0
2701 2
2702 0
2703 2
2704 0
2705 2
2706 0
2707 2
2708 0
2709 2
2710 0
2711 2
2712 0
2713 2
2714 0
2715 2
2716 0
2717 2
2718 0
2719 2
2720 0
2721 2
2722 0
2723 2
2724 0
2725 2
2726 0
2727 2
2728 0
2729 2
2730 0
2731 2
2732 0
2733 2
2734 0
2735 2
2736 0
2737 2
2738 0
2739 2
2740 0
2741 2
2742 0
2743 2
2744 0
2745 2
2746 0
2747 2
2748 0
2749 2
2750 0
2751 2
2752 0
2753 2
2754 0
2755 2
2756 0
2757 2
2758 0
2759 2
2760 0
2761 2
2762 0
2763 2
2764 0
2765 2
2766 0
2767 2
2768 0
2769 2
2770 0
2771 2
2772 0
2773 2
2774 0
2775 2
2776 0
2777 2
2778 0
2779 2
2780 0
2781 2
2782 0
2783 2
2784 0
2785 2
2786 0
2787 2
2788 0
2789 2
2790 0
2791 2
2792 0
2793 2
2794 0
2795 2
2796 0
2797 2
2798 0
2799 2
2800 0
2801 2
2802 0
2803 2
2804 0
2805 2
2806 0
2807 2
2808 0
2809 2
2810 0
2811 2
2812 0
2813 2
2814 0
2815 2
2816 0
2817 2
2818 0
2819 2
2820 0
2821 2
2822 0
2823 2
2824 0
2825 2
2826 0
2827 2
2828 0
2829 2
2830 0
2831 2
2832 0
2833 2
2834 0
2835 2
2836 0
2837 2
2838 0
2839 2
2840 0
2841 2
2842 0
2843 2
2844 0
2845 2
2846 0
2847 2
2848 0
2849 2
2850 0
2851 2
2852 0
2853 2
2854 0
2855 2
2856 0
2857 2
2858 0
2859 2
2860 0
2861 2
2862 0
2863 2
2864 0
2865 2
2866 0
2867 2
2868 0
2869 2
2870 0
2871 2
2872 0
2873 2
2874 0
2875 2
2876 0
2877 2
2878 0
2879 2
2880 0
2881 2
2882 0
2883 2
2884 0
2885 2
2886 0
2887 2
2888 0
2889 2
2890 0
2891 2
2892 0
2893 2
2894 0
2895 2
2896 0
2897 2
2898 0
2899 2
2900 0
2901 2
2902 0
2903 2
2904 0
2905 2
2906 0
2907 2
2908 0
2909 2
2910 0
2911 2
2912 0
2913 2
2914 0
2915 2
2916 0
2917 2
2918 0
2919 2
2920 0
2921 2
2922 0
2923 2
2924 0
2925 2
2926 0
2927 2
2928 0
2929 2
2930 0
2931 2
2932 0
2933 2
2934 0
2935 2
2936 0
2937 2
2938 0
2939 2
2940 0
2941 2
2942 0
2943 2
2944 0
2945 2
2946 0
2947 2
2948 0
2949 2
2950 0
2951 2
2952 0
2953 2
2954 0
2955 2
2956 0
2957 2
2958 0
2959 2
2960 0
2961 2
2962 0
2963 2
2964 0
2965 2
2966 0
2967 2
2968 0
2969 2
2970 0
2971 2
2972 0
2973 2
2974 0
2975 2
2976 0
2977 2
2978 0
2979 2
2980 0
2981 2
2982 0
2983 2
2984 0
2985 2
2986 0
2987 2
2988 0
2989 2
2990 0
2991 2
2992 0
2993 2
2994 0
2995 2
2996 0
2997 2
2998 0
2999 2
3000 0
3001 2
3002 0
3003 2
3004 0
3005 2
3006 0
3007 2
3008 0
3009 2
3010 0
3011 2
3012 0
3013 2
3014 0
3015 2
3016 0
3017 2
3018 0
3019 2
3020 0
3021 2
3022 0
3023 2
3024 0
3025 2
3026 0
3027 2
3028 0
3029 2
3030 0
3031 2
3032 0
3033 2
3034 0
3035 2
3036 0
3037 2
3038 0
3039 2
3040 0
3041 2
3042 0
3043 2
3044 0
3045 2
3046 0
3047 2
3048 0
3049 2
3050 0
3051 2
3052 0
3053 2
3054 0
3055 2
3056 0
3057 2
3058 0
3059 2
3060 0
3061 2
3062 0
3063 2
3064 0
3065 2
3066 0
3067 2
3068 0
3069 2
3070 0
3071 2
3072 0
3073 2
3074 0
3075 2
3076 0
3077 2
3078 0
3079 2
3080 0
3081 2
3082 0
3083 2
3084 0
3085 2
3086 0
3087 2
3088 0
3089 2
3090 0
3091 2
3092 0
3093 2
3094 0
3095 2
3096 0
3097 2
3098 0
3099 2
3100 0
3101 2
3102 0
3103 2
3104 0
3105 2
3106 0
3107 2
3108 0
3109 2
3110 0
3111 2
3112 0
3113 2
3114 0
3115 2
3116 0
3117 2
3118 0
3119 2
3120 0
3121 2
3122 0
3123 2
3124 0
3125 2
3126 0
3127 2
3128 0
3129 2
3130 0
3131 2
3132 0
3133 2
3134 0
3135 2
3136 0
3137 2
3138 0
3139 2
3140 0
3141 2
3142 0
3143 2
3144 0
3145 2
3146 0
3147 2
3148 0
3149 2
3150 0
3151 2
3152 0
3153 2
3154 0
3155 2
3156 0
3157 2
3158 0
3159 2
3160 0
3161 2
3162 0
3163 2
3164 0
3165 2
3166 0
3167 2
3168 0
3169 2
3170 0
3171 2
3172 0
3173 2
3174 0
3175 2
3176 0
3177 2
3178 0
3179 2
3180 0
3181 2
3182 0
3183 2
3184 0
3185 2
3186 0
3187 2
3188 0
3189 2
3190 0
3191 2
3192 0
3193 2
3194 0
3195 2
3196 0
3197 2
3198 0
3199 2
3200 0
3201 2
3202 0
3203 2
3204 0
3205 2
3206 0
3207 2
3208 0
3209 2
3210 0
3211 2
3212 0
3213 2
3214 0
3215 2
3216 0
3217 2
3218 0
3219 2
3220 0
3221 2
3222 0
3223 2
3224 0
3225 2
3226 0
3227 2
3228 0
3229 2
3230 0
3231 2
3232 0
3233 2
3234 0
3235 2
3236 0
3237 2
3238 0
3239 2
3240 0
3241 2
3242 0
3243 2
3244 0
3245 2
3246 0
3247 2
3248 0
3249 2
3250 0
3251 2
3252 0
3253 2
3254 0
3255 2
3256 0
3257 2
3258 0
3259 2
3260 0
3261 2
3262 0
3263 2
3264 0
3265 2
3266 0
3267 2
3268 0
3269 2
3270 0
3271 2
3272 0
3273 2
3274 0
3275 2
3276 0
3277 2
3278 0
3279 2
3280 0
3281 2
3282 0
3283 2
3284 0
3285 2
3286 0
3287 2
3288 0
3289 2
3290 0
3291 2
3292 0
3293 2
3294 0
3295 2
3296 0
3297 2
3298 0
3299 2
3300 0
3301 2
3302 0
3303 2
3304 0
3305 2
3306 0
3307 2
3308 0
3309 2
3310 0
3311 2
3312 0
3313 2
3314 0
3315 2
3316 0
3317 2
3318 0
3319 2
3320 0
3321 2
3322 0
3323 2
3324 0
3325 2
3326 0
3327 2
3328 0
3329 2
3330 0
3331 2
3332 0
3333 2
3334 0
3335 2
3336 0
3337 2
3338 0
3339 2
3340 0
3341 2
3342 0
3343 2
3344 0
3345 2
3346 0
3347 2
3348 0
3349 2
3350 0
3351 2
3352 0
3353 2
3354 0
3355 2
3356 0
3357 2
3358 0
3359 2
3360 0
3361 2
3362 0
3363 2
3364 0
3365 2
3366 0
3367 2
3368 0
3369 2
3370 0
3371 2
3372 0
3373 2
3374 0
3375 2
3376 0
3377 2
3378 0
3379 2
3380 0
3381 2
3382 0
3383 2
3384 0
3385 2
3386 0
3387 2
3388 0
3389 2
3390 0
3391 2
3392 0
3393 2
3394 0
3395 2
3396 0
3397 2
3398 0
3399 2
3400 0
3401 2
3402 0
3403 2
3404 0
3405 2
3406 0
3407 2
3408 0
3409 2
3410 0
3411 2
3412 0
3413 2
3414 0
3415 2
3416 0
3417 2
3418 0
3419 2
3420 0
3421 2
3422 0
3423 2
3424 0
3425 2
3426 0
3427 2
3428 0
3429 2
3430 0
3431 2
3432 0
3433 2
3434 0
3435 2
3436 0
3437 2
3438 0
3439 2
3440 0
3441 2
3442 0
3443 2
3444 0
3445 2
3446 0
3447 2
3448 0
3449 2
3450 0
3451 2
3452 0
3453 2
3454 0
3455 2
3456 0
3457 2
3458 0
3459 2
3460 0
3461 2
3462 0
3463 2
3464 0
3465 2
3466 0
3467 2
3468 0
3469 2
3470 0
3471 2
3472 0
3473 2
3474 0
3475 2
3476 0
3477 2
3478 0
3479 2
3480 0
3481 2
3482 0
3483 2
3484 0
3485 2
3486 0
3487 2
3488 0
3489 2
3490 0
3491 2
3492 0
3493 2
3494 0
3495 2
3496 0
3497 2
3498 0
3499 2
3500 0
3501 2
3502 0
3503 2
3504 0
3505 2
3506 0
3507 2
3508 0
3509 2
3510 0
3511 2
3512 0
3513 2
3514 0
3515 2
3516 0
3517 2
3518 0
3519 2
3520 0
3521 2
3522 0
3523 2
3524 0
3525 2
3526 0
3527 2
3528 0
3529 2
3530 0
3531 2
3532 0
3533 2
3534 0
3535 2
3536 0
3537 2
3538 0
3539 2
3540 0
3541 2
3542 0
3543 2
3544 0
3545 2
3546 0
3547 2
3548 0
3549 2
3550 0
3551 2
3552 0
3553 2
3554 0
3555 2
3556 0
3557 2
3558 0
3559 2
3560 0
3561 2
3562 0
3563 2
3564 0
3565 2
3566 0
3567 2
3568 0
3569 2
3570 0
3571 2
3572 0
3573 2
3574 0
3575 2
3576 0
3577 2
3578 0
3579 2
3580 0
3581 2
3582 0
3583 2
3584 0
3585 2
3586 0
3587 2
3588 0
3589 2
3590 0
3591 2
3592 0
3593 2
3594 0
3595 2
3596 0
3597 2
3598 0
3599 2
3600 0
3601 2
3602 0
3603 2
3604 0
3605 2
3606 0
3607 2
3608 0
3609 2
3610 0
3611 2
3612 0
3613 2
3614 0
3615 2
3616 0
3617 2
3618 0
3619 2
3620 0
3621 2
3622 0
3623 2
3624 0
3625 2
3626 0
3627 2
3628 0
3629 2
3630 0
3631 2
3632 0
3633 2
3634 0
3635 2
3636 0
3637 2
3638 0
3639 2
3640 0
3641 2
3642 0
3643 2
3644 0
3645 2
3646 0
3647 2
3648 0
3649 2
3650 0
3651 2
3652 0
3653 2
3654 0
3655 2
3656 0
3657 2
3658 0
3659 2
3660 0
3661 2
3662 0
3663 2
3664 0
3665 2
3666 0
3667 2
3668 0
3669 2
3670 0
3671 2
3672 0
3673 2
3674 0
3675 2
3676 0
3677 2
3678 0
3679 2
3680 0
3681 2
3682 0
3683 2
3684 0
3685 2
3686 0
3687 2
3688 0
3689 2
3690 0
3691 2
3692 0
3693 2
3694 0
3695 2
3696 0
3697 2
3698 0
3699 2
3700 0
3701 2
3702 0
3703 2
3704 0
3705 2
3706 0
3707 2
3708 0
3709 2
3710 0
3711 2
3712 0
3713 2
3714 0
3715 2
3716 0
3717 2
3718 0
3719 2
3720 0
3721 2
3722 0
3723 2
3724 0
3725 2
3726 0
3727 2
3728 0
3729 2
3730 0
3731 2
3732 0
3733 2
3734 0
3735 2
3736 0
3737 2
3738 0
3739 2
3740 0
3741 2
3742 0
3743 2
3744 0
3745 2
3746 0
3747 2
3748 0
3749 2
3750 0
3751 2
3752 0
3753 2
3754 0
3755 2
3756 0
3757 2
3758 0
3759 2
3760 0
3761 2
3762 0
3763 2
3764 0
3765 2
3766 0
3767 2
3768 0
3769 2
3770 0
3771 2
3772 0
3773 2
3774 0
3775 2
3776 0
3777 2
3778 0
3779 2
3780 0
3781 2
3782 0
3783 2
3784 0
3785 2
3786 0
3787 2
3788 0
3789 2
3790 0
3791 2
3792 0
3793 2
3794 0
3795 2
3796 0
3797 2
3798 0
3799 2
3800 0
3801 2
3802 0
3803 2
3804 0
3805 2
3806 0
3807 2
3808 0
3809 2
3810 0
3811 2
3812 0
3813 2
3814 0
3815 2
3816 0
3817 2
3818 0
3819 2
3820 0
3821 2
3822 0
3823 2
3824 0
3825 2
3826 0
3827 2
3828 0
3829 2
3830 0
3831 2
3832 0
3833 2
3834 0
3835 2
3836 0
3837 2
3838 0
3839 2
3840 0
3841 2
3842 0
3843 2
3844 0
3845 2
3846 0
3847 2
3848 0
3849 2
3850 0
3851 2
3852 0
3853 2
3854 0
3855 2
3856 0
3857 2
3858 0
3859 2
3860 0
3861 2
3862 0
3863 2
3864 0
3865 2
3866 0
3867 2
3868 0
3869 2
3870 0
3871 2
3872 0
3873 2
3874 0
3875 2
3876 0
3877 2
3878 0
3879 2
3880 0
3881 2
3882 0
3883 2
3884 0
3885 2
3886 0
3887 2
3888 0
3889 2
3890 0
3891 2
3892 0
3893 2
3894 0
3895 2
3896 0
3897 2
3898 0
3899 2
3900 0
3901 2
3902 0
3903 2
3904 0
3905 2
3906 0
3907 2
3908 0
3909 2
3910 0
3911 2
3912 0
3913 2
3914 0
3915 2
3916 0
3917 2
3918 0
3919 2
3920 0
3921 2
3922 0
3923 2
3924 0
3925 2
3926 0
3927 2
3928 0
3929 2
3930 0
3931 2
3932 0
3933 2
3934 0
3935 2
3936 0
3937 2
3938 0
3939 2
3940 0
3941 2
3942 0
3943 2
3944 0
3945 2
3946 0
3947 2
3948 0
3949 2
3950 0
3951 2
3952 0
3953 2
3954 0
3955 2
3956 0
3957 2
3958 0
3959 2
3960 0
3961 2
3962 0
3963 2
3964 0
3965 2
3966 0
3967 2
3968 0
3969 2
3970 0
3971 2
3972 0
3973 2
3974 0
3975 2
3976 0
3977 2
3978 0
3979 2
3980 0
3981 2
3982 0
3983 2
3984 0
3985 2
3986 0
3987 2
3988 0
3989 2
3990 0
3991 2
3992 0
3993 2
3994 0
3995 2
3996 0
3997 2
3998 0
3999 2
4000 0
4001 2
4002 0
4003 2
4004 0
4005 2
4006 0
4007 2
4008 0
4009 2
4010 0
4011 2
4012 0
4013 2
4014 0
4015 2
4016 0
4017 2
4018 0
4019 2
4020 0
4021 2
4022 0
4023 2
4024 0
4025 2
4026 0
4027 2
4028 0
4029 2
4030 0
4031 2
4032 0
4033 2
4034 0
4035 2
4036 0
4037 2
4038 0
4039 2
4040 0
4041 2
4042 0
4043 2
4044 0
4045 2
4046 0
4047 2
4048 0
4049 2
4050 0
4051 2
4052 0
4053 2
4054 0
4055 2
4056 0
4057 2
4058 0
4059 2
4060 0
4061 2
4062 0
4063 2
4064 0
4065 2
4066 0
4067 2
4068 0
4069 2
4070 0
4071 2
4072 0
4073 2
4074 0
4075 2
4076 0
4077 2
4078 0
4079 2
4080 0
4081 2
4082 0
4083 2
4084 0
4085 2
4086 0
4087 2
4088 0
4089 2
4090 0
4091 2
4092 0
4093 2
4094 0
4095 2
4096 0
4097 2
4098 0
4099 2
4100 0
4101 2
4102 0
4103 2
4104 0
4105 2
4106 0
4107 2
4108 0
4109 2
4110 0
4111 2
4112 0
4113 2
4114 0
4115 2
4116 0
4117 2
4118 0
4119 2
4120 0
4121 2
4122 0
4123 2
4124 0
4125 2
4126 0
4127 2
4128 0
4129 2
4130 0
4131 2
4132 0
4133 2
4134 0
4135 2
4136 0
4137 2
4138 0
4139 2
4140 0
4141 2
4142 0
4143 2
4144 0
4145 2
4146 0
4147 2
4148 0
4149 2
4150 0
4151 2
4152 0
4153 2
4154 0
4155 2
4156 0
4157 2
4158 0
4159 2
4160 0
4161 2
4162 0
4163 2
4164 0
4165 2
4166 0
4167 2
4168 0
4169 2
4170 0
4171 2
4172 0
4173 2
4174 0
4175 2
4176 0
4177 2
4178 0
4179 2
4180 0
4181 2
4182 0
4183 2
4184 0
4185 2
4186 0
4187 2
4188 0
4189 2
4190 0
4191 2
4192 0
4193 2
4194 0
4195 2
4196 0
4197 2
4198 0
4199 2
4200 0
4201 2
4202 0
4203 2
4204 0
4205 2
4206 0
4207 2
4208 0
4209 2
4210 0
4211 2
4212 0
4213 2
4214 0
4215 2
4216 0
4217 2
4218 0
4219 2
4220 0
4221 2
4222 0
4223 2
4224 0
4225 2
4226 0
4227 2
4228 0
4229 2
4230 0
4231 2
4232 0
4233 2
4234 0
4235 2
4236 0
4237 2
4238 0
4239 2
4240 0
4241 2
4242 0
4243 2
4244 0
4245 2
4246 0
4247 2
4248 0
4249 2
4250 0
4251 2
4252 0
4253 2
4254 0
4255 2
4256 0
4257 2
4258 0
4259 2
4260 0
4261 2
4262 0
4263 2
4264 0
4265 2
4266 0
4267 2
4268 0
4269 2
4270 0
4271 2
4272 0
4273 2
4274 0
4275 2
4276 0
4277 2
4278 0
4279 2
4280 0
4281 2
4282 0
4283 2
4284 0
4285 2
4286 0
4287 2
4288 0
4289 2
4290 0
4291 2
4292 0
4293 2
4294 0
4295 2
4296 0
4297 2
4298 0
4299 2
4300 0
4301 2
4302 0
4303 2
4304 0
4305 2
4306 0
4307 2
4308 0
4309 2
4310 0
4311 2
4312 0
4313 2
4314 0
4315 2
4316 0
4317 2
4318 0
4319 2
4320 0
4321 2
4322 0
4323 2
4324 0
4325 2
4326 0
4327 2
4328 0
4329 2
4330 0
4331 2
4332 0
4333 2
4334 0
4335 2
4336 0
4337 2
4338 0
4339 2
4340 0
4341 2
4342 0
4343 2
4344 0
4345 2
4346 0
4347 2
4348 0
4349 2
4350 0
4351 2
4352 0
4353 2
4354 0
4355 2
4356 0
4357 2
4358 0
4359 2
4360 0
4361 2
4362 0
4363 2
4364 0
4365 2
4366 0
4367 2
4368 0
4369 2
4370 0
4371 2
4372 0
4373 2
4374 0
4375 2
4376 0
4377 2
4378 0
4379 2
4380 0
4381 2
4382 0
4383 2
4384 0
4385 2
4386 0
4387 2
4388 0
4389 2
4390 0
4391 2
4392 0
4393 2
4394 0
4395 2
4396 0
4397 2
4398 0
4399 2
4400 0
4401 2
4402 0
4403 2
4404 0
4405 2
4406 0
4407 2
4408 0
4409 2
4410 0
4411 2
4412 0
4413 2
4414 0
4415 2
4416 0
4417 2
4418 0
4419 2
4420 0
4421 2
4422 0
4423 2
4424 0
4425 2
4426 0
4427 2
4428 0
4429 2
4430 0
4431 2
4432 0
4433 2
4434 0
4435 2
4436 0
4437 2
4438 0
4439 2
4440 0
4441 2
4442 0
4443 2
4444 0
4445 2
4446 0
4447 2
4448 0
4449 2
4450 0
4451 2
4452 0
4453 2
4454 0
4455 2
4456 0
4457 2
4458 0
4459 2
4460 0
4461 2
4462 0
4463 2
4464 0
4465 2
4466 0
4467 2
4468 0
4469 2
4470 0
4471 2
4472 0
4473 2
4474 0
4475 2
4476 0
4477 2
4478 0
4479 2
4480 0
4481 2
4482 0
4483 2
4484 0
4485 2
4486 0
4487 2
4488 0
4489 2
4490 0
4491 2
4492 0
4493 2
4494 0
4495 2
4496 0
4497 2
4498 0
4499 2
4500 0
4500 1
4499 3
4498 1
4497 3
4496 1
4495 3
4494 1
4493 3
4492 1
4491 3
4490 1
4489 3
4488 1
4487 3
4486 1
4485 3
4484 1
4483 3
4482 1
4481 3
4480 1
4479 3
4478 1
4477 3
4476 1
4475 3
4474 1
4473 3
4472 1
4471 3
4470 1
4469 3
4468 1
4467 3
4466 1
4465 3
4464 1
4463 3
4462 1
4461 3
4460 1
4459 3
4458 1
4457 3
4456 1
4455 3
4454 1
4453 3
4452 1
4451 3
4450 1
4449 3
4448 1
4447 3
4446 1
4445 3
4444 1
4443 3
4442 1
4441 3
4440 1
4439 3
4438 1
4437 3
4436 1
4435 3
4434 1
4433 3
4432 1
4431 3
4430 1
4429 3
4428 1
4427 3
4426 1
4425 3
4424 1
4423 3
4422 1
4421 3
4420 1
4419 3
4418 1
4417 3
4416 1
4415 3
4414 1
4413 3
4412 1
4411 3
4410 1
4409 3
4408 1
4407 3
4406 1
4405 3
4404 1
4403 3
4402 1
4401 3
4400 1
4399 3
4398 1
4397 3
4396 1
4395 3
4394 1
4393 3
4392 1
4391 3
4390 1
4389 3
4388 1
4387 3
4386 1
4385 3
4384 1
4383 3
4382 1
4381 3
4380 1
4379 3
4378 1
4377 3
4376 1
4375 3
4374 1
4373 3
4372 1
4371 3
4370 1
4369 3
4368 1
4367 3
4366 1
4365 3
4364 1
4363 3
4362 1
4361 3
4360 1
4359 3
4358 1
4357 3
4356 1
4355 3
4354 1
4353 3
4352 1
4351 3
4350 1
4349 3
4348 1
4347 3
4346 1
4345 3
4344 1
4343 3
4342 1
4341 3
4340 1
4339 3
4338 1
4337 3
4336 1
4335 3
4334 1
4333 3
4332 1
4331 3
4330 1
4329 3
4328 1
4327 3
4326 1
4325 3
4324 1
4323 3
4322 1
4321 3
4320 1
4319 3
4318 1
4317 3
4316 1
4315 3
4314 1
4313 3
4312 1
4311 3
4310 1
4309 3
4308 1
4307 3
4306 1
4305 3
4304 1
4303 3
4302 1
4301 3
4300 1
4299 3
4298 1
4297 3
4296 1
4295 3
4294 1
4293 3
4292 1
4291 3
4290 1
4289 3
4288 1
4287 3
4286 1
4285 3
4284 1
4283 3
4282 1
4281 3
4280 1
4279 3
4278 1
4277 3
4276 1
4275 3
4274 1
4273 3
4272 1
4271 3
4270 1
4269 3
4268 1
4267 3
4266 1
4265 3
4264 1
4263 3
4262 1
4261 3
4260 1
4259 3
4258 1
4257 3
4256 1
4255 3
4254 1
4253 3
4252 1
4251 3
4250 1
4249 3
4248 1
4247 3
4246 1
4245 3
4244 1
4243 3
4242 1
4241 3
4240 1
4239 3
4238 1
4237 3
4236 1
4235 3
4234 1
4233 3
4232 1
4231 3
4230 1
4229 3
4228 1
4227 3
4226 1
4225 3
4224 1
4223 3
4222 1
4221 3
4220 1
4219 3
4218 1
4217 3
4216 1
4215 3
4214 1
4213 3
4212 1
4211 3
4210 1
4209 3
4208 1
4207 3
4206 1
4205 3
4204 1
4203 3
4202 1
4201 3
4200 1
4199 3
4198 1
4197 3
4196 1
4195 3
4194 1
4193 3
4192 1
4191 3
4190 1
4189 3
4188 1
4187 3
4186 1
4185 3
4184 1
4183 3
4182 1
4181 3
4180 1
4179 3
4178 1
4177 3
4176 1
4175 3
4174 1
4173 3
4172 1
4171 3
4170 1
4169 3
4168 1
4167 3
4166 1
4165 3
4164 1
4163 3
4162 1
4161 3
4160 1
4159 3
4158 1
4157 3
4156 1
4155 3
4154 1
4153 3
4152 1
4151 3
4150 1
4149 3
4148 1
4147 3
4146 1
4145 3
4144 1
4143 3
4142 1
4141 3
4140 1
4139 3
4138 1
4137 3
4136 1
4135 3
4134 1
4133 3
4132 1
4131 3
4130 1
4129 3
4128 1
4127 3
4126 1
4125 3
4124 1
4123 3
4122 1
4121 3
4120 1
4119 3
4118 1
4117 3
4116 1
4115 3
4114 1
4113 3
4112 1
4111 3
4110 1
4109 3
4108 1
4107 3
4106 1
4105 3
4104 1
4103 3
4102 1
4101 3
4100 1
4099 3
4098 1
4097 3
4096 1
4095 3
4094 1
4093 3
4092 1
4091 3
4090 1
4089 3
4088 1
4087 3
4086 1
4085 3
4084 1
4083 3
4082 1
4081 3
4080 1
4079 3
4078 1
4077 3
4076 1
4075 3
4074 1
4073 3
4072 1
4071 3
4070 1
4069 3
4068 1
4067 3
4066 1
4065 3
4064 1
4063 3
4062 1
4061 3
4060 1
4059 3
4058 1
4057 3
4056 1
4055 3
4054 1
4053 3
4052 1
4051 3
4050 1
4049 3
4048 1
4047 3
4046 1
4045 3
4044 1
4043 3
4042 1
4041 3
4040 1
4039 3
4038 1
4037 3
4036 1
4035 3
4034 1
4033 3
4032 1
4031 3
4030 1
4029 3
4028 1
4027 3
4026 1
4025 3
4024 1
4023 3
4022 1
4021 3
4020 1
4019 3
4018 1
4017 3
4016 1
4015 3
4014 1
4013 3
4012 1
4011 3
4010 1
4009 3
4008 1
4007 3
4006 1
4005 3
4004 1
4003 3
4002 1
4001 3
4000 1
3999 3
3998 1
3997 3
3996 1
3995 3
3994 1
3993 3
3992 1
3991 3
3990 1
3989 3
3988 1
3987 3
3986 1
3985 3
3984 1
3983 3
3982 1
3981 3
3980 1
3979 3
3978 1
3977 3
3976 1
3975 3
3974 1
3973 3
3972 1
3971 3
3970 1
3969 3
3968 1
3967 3
3966 1
3965 3
3964 1
3963 3
3962 1
3961 3
3960 1
3959 3
3958 1
3957 3
3956 1
3955 3
3954 1
3953 3
3952 1
3951 3
3950 1
3949 3
3948 1
3947 3
3946 1
3945 3
3944 1
3943 3
3942 1
3941 3
3940 1
3939 3
3938 1
3937 3
3936 1
3935 3
3934 1
3933 3
3932 1
3931 3
3930 1
3929 3
3928 1
3927 3
3926 1
3925 3
3924 1
3923 3
3922 1
3921 3
3920 1
3919 3
3918 1
3917 3
3916 1
3915 3
3914 1
3913 3
3912 1
3911 3
3910 1
3909 3
3908 1
3907 3
3906 1
3905 3
3904 1
3903 3
3902 1
3901 3
3900 1
3899 3
3898 1
3897 3
3896 1
3895 3
3894 1
3893 3
3892 1
3891 3
3890 1
3889 3
3888 1
3887 3
3886 1
3885 3
3884 1
3883 3
3882 1
3881 3
3880 1
3879 3
3878 1
3877 3
3876 1
3875 3
3874 1
3873 3
3872 1
3871 3
3870 1
3869 3
3868 1
3867 3
3866 1
3865 3
3864 1
3863 3
3862 1
3861 3
3860 1
3859 3
3858 1
3857 3
3856 1
3855 3
3854 1
3853 3
3852 1
3851 3
3850 1
3849 3
3848 1
3847 3
3846 1
3845 3
3844 1
3843 3
3842 1
3841 3
3840 1
3839 3
3838 1
3837 3
3836 1
3835 3
3834 1
3833 3
3832 1
3831 3
3830 1
3829 3
3828 1
3827 3
3826 1
3825 3
3824 1
3823 3
3822 1
3821 3
3820 1
3819 3
3818 1
3817 3
3816 1
3815 3
3814 1
3813 3
3812 1
3811 3
3810 1
3809 3
3808 1
3807 3
3806 1
3805 3
3804 1
3803 3
3802 1
3801 3
3800 1
3799 3
3798 1
3797 3
3796 1
3795 3
3794 1
3793 3
3792 1
3791 3
3790 1
3789 3
3788 1
3787 3
3786 1
3785 3
3784 1
3783 3
3782 1
3781 3
3780 1
3779 3
3778 1
3777 3
3776 1
3775 3
3774 1
3773 3
3772 1
3771 3
3770 1
3769 3
3768 1
3767 3
3766 1
3765 3
3764 1
3763 3
3762 1
3761 3
3760 1
3759 3
3758 1
3757 3
3756 1
3755 3
3754 1
3753 3
3752 1
3751 3
3750 1
3749 3
3748 1
3747 3
3746 1
3745 3
3744 1
3743 3
3742 1
3741 3
3740 1
3739 3
3738 1
3737 3
3736 1
3735 3
3734 1
3733 3
3732 1
3731 3
3730 1
3729 3
3728 1
3727 3
3726 1
3725 3
3724 1
3723 3
3722 1
3721 3
3720 1
3719 3
3718 1
3717 3
3716 1
3715 3
3714 1
3713 3
3712 1
3711 3
3710 1
3709 3
3708 1
3707 3
3706 1
3705 3
3704 1
3703 3
3702 1
3701 3
3700 1
3699 3
3698 1
3697 3
3696 1
3695 3
3694 1
3693 3
3692 1
3691 3
3690 1
3689 3
3688 1
3687 3
3686 1
3685 3
3684 1
3683 3
3682 1
3681 3
3680 1
3679 3
3678 1
3677 3
3676 1
3675 3
3674 1
3673 3
3672 1
3671 3
3670 1
3669 3
3668 1
3667 3
3666 1
3665 3
3664 1
3663 3
3662 1
3661 3
3660 1
3659 3
3658 1
3657 3
3656 1
3655 3
3654 1
3653 3
3652 1
3651 3
3650 1
3649 3
3648 1
3647 3
3646 1
3645 3
3644 1
3643 3
3642 1
3641 3
3640 1
3639 3
3638 1
3637 3
3636 1
3635 3
3634 1
3633 3
3632 1
3631 3
3630 1
3629 3
3628 1
3627 3
3626 1
3625 3
3624 1
3623 3
3622 1
3621 3
3620 1
3619 3
3618 1
3617 3
3616 1
3615 3
3614 1
3613 3
3612 1
3611 3
3610 1
3609 3
3608 1
3607 3
3606 1
3605 3
3604 1
3603 3
3602 1
3601 3
3600 1
3599 3
3598 1
3597 3
3596 1
3595 3
3594 1
3593 3
3592 1
3591 3
3590 1
3589 3
3588 1
3587 3
3586 1
3585 3
3584 1
3583 3
3582 1
3581 3
3580 1
3579 3
3578 1
3577 3
3576 1
3575 3
3574 1
3573 3
3572 1
3571 3
3570 1
3569 3
3568 1
3567 3
3566 1
3565 3
3564 1
3563 3
3562 1
3561 3
3560 1
3559 3
3558 1
3557 3
3556 1
3555 3
3554 1
3553 3
3552 1
3551 3
3550 1
3549 3
3548 1
3547 3
3546 1
3545 3
3544 1
3543 3
3542 1
3541 3
3540 1
3539 3
3538 1
3537 3
3536 1
3535 3
3534 1
3533 3
3532 1
3531 3
3530 1
3529 3
3528 1
3527 3
3526 1
3525 3
3524 1
3523 3
3522 1
3521 3
3520 1
3519 3
3518 1
3517 3
3516 1
3515 3
3514 1
3513 3
3512 1
3511 3
3510 1
3509 3
3508 1
3507 3
3506 1
3505 3
3504 1
3503 3
3502 1
3501 3
3500 1
3499 3
3498 1
3497 3
3496 1
3495 3
3494 1
3493 3
3492 1
3491 3
3490 1
3489 3
3488 1
3487 3
3486 1
3485 3
3484 1
3483 3
3482 1
3481 3
3480 1
3479 3
3478 1
3477 3
3476 1
3475 3
3474 1
3473 3
3472 1
3471 3
3470 1
3469 3
3468 1
3467 3
3466 1
3465 3
3464 1
3463 3
3462 1
3461 3
3460 1
3459 3
3458 1
3457 3
3456 1
3455 3
3454 1
3453 3
3452 1
3451 3
3450 1
3449 3
3448 1
3447 3
3446 1
3445 3
3444 1
3443 3
3442 1
3441 3
3440 1
3439 3
3438 1
3437 3
3436 1
3435 3
3434 1
3433 3
3432 1
3431 3
3430 1
3429 3
3428 1
3427 3
3426 1
3425 3
3424 1
3423 3
3422 1
3421 3
3420 1
3419 3
3418 1
3417 3
3416 1
3415 3
3414 1
3413 3
3412 1
3411 3
3410 1
3409 3
3408 1
3407 3
3406 1
3405 3
3404 1
3403 3
3402 1
3401 3
3400 1
3399 3
3398 1
3397 3
3396 1
3395 3
3394 1
3393 3
3392 1
3391 3
3390 1
3389 3
3388 1
3387 3
3386 1
3385 3
3384 1
3383 3
3382 1
3381 3
3380 1
3379 3
3378 1
3377 3
3376 1
3375 3
3374 1
3373 3
3372 1
3371 3
3370 1
3369 3
3368 1
3367 3
3366 1
3365 3
3364 1
3363 3
3362 1
3361 3
3360 1
3359 3
3358 1
3357 3
3356 1
3355 3
3354 1
3353 3
3352 1
3351 3
3350 1
3349 3
3348 1
3347 3
3346 1
3345 3
3344 1
3343 3
3342 1
3341 3
3340 1
3339 3
3338 1
3337 3
3336 1
3335 3
3334 1
3333 3
3332 1
3331 3
3330 1
3329 3
3328 1
3327 3
3326 1
3325 3
3324 1
3323 3
3322 1
3321 3
3320 1
3319 3
3318 1
3317 3
3316 1
3315 3
3314 1
3313 3
3312 1
3311 3
3310 1
3309 3
3308 1
3307 3
3306 1
3305 3
3304 1
3303 3
3302 1
3301 3
3300 1
3299 3
3298 1
3297 3
3296 1
3295 3
3294 1
3293 3
3292 1
3291 3
3290 1
3289 3
3288 1
3287 3
3286 1
3285 3
3284 1
3283 3
3282 1
3281 3
3280 1
3279 3
3278 1
3277 3
3276 1
3275 3
3274 1
3273 3
3272 1
3271 3
3270 1
3269 3
3268 1
3267 3
3266 1
3265 3
3264 1
3263 3
3262 1
3261 3
3260 1
3259 3
3258 1
3257 3
3256 1
3255 3
3254 1
3253 3
3252 1
3251 3
3250 1
3249 3
3248 1
3247 3
3246 1
3245 3
3244 1
3243 3
3242 1
3241 3
3240 1
3239 3
3238 1
3237 3
3236 1
3235 3
3234 1
3233 3
3232 1
3231 3
3230 1
3229 3
3228 1
3227 3
3226 1
3225 3
3224 1
3223 3
3222 1
3221 3
3220 1
3219 3
3218 1
3217 3
3216 1
3215 3
3214 1
3213 3
3212 1
3211 3
3210 1
3209 3
3208 1
3207 3
3206 1
3205 3
3204 1
3203 3
3202 1
3201 3
3200 1
3199 3
3198 1
3197 3
3196 1
3195 3
3194 1
3193 3
3192 1
3191 3
3190 1
3189 3
3188 1
3187 3
3186 1
3185 3
3184 1
3183 3
3182 1
3181 3
3180 1
3179 3
3178 1
3177 3
3176 1
3175 3
3174 1
3173 3
3172 1
3171 3
3170 1
3169 3
3168 1
3167 3
3166 1
3165 3
3164 1
3163 3
3162 1
3161 3
3160 1
3159 3
3158 1
3157 3
3156 1
3155 3
3154 1
3153 3
3152 1
3151 3
3150 1
3149 3
3148 1
3147 3
3146 1
3145 3
3144 1
3143 3
3142 1
3141 3
3140 1
3139 3
3138 1
3137 3
3136 1
3135 3
3134 1
3133 3
3132 1
3131 3
3130 1
3129 3
3128 1
3127 3
3126 1
3125 3
3124 1
3123 3
3122 1
3121 3
3120 1
3119 3
3118 1
3117 3
3116 1
3115 3
3114 1
3113 3
3112 1
3111 3
3110 1
3109 3
3108 1
3107 3
3106 1
3105 3
3104 1
3103 3
3102 1
3101 3
3100 1
3099 3
3098 1
3097 3
3096 1
3095 3
3094 1
3093 3
3092 1
3091 3
3090 1
3089 3
3088 1
3087 3
3086 1
3085 3
3084 1
3083 3
3082 1
3081 3
3080 1
3079 3
3078 1
3077 3
3076 1
3075 3
3074 1
3073 3
3072 1
3071 3
3070 1
3069 3
3068 1
3067 3
3066 1
3065 3
3064 1
3063 3
3062 1
3061 3
3060 1
3059 3
3058 1
3057 3
3056 1
3055 3
3054 1
3053 3
3052 1
3051 3
3050 1
3049 3
3048 1
3047 3
3046 1
3045 3
3044 1
3043 3
3042 1
3041 3
3040 1
3039 3
3038 1
3037 3
3036 1
3035 3
3034 1
3033 3
3032 1
3031 3
3030 1
3029 3
3028 1
3027 3
3026 1
3025 3
3024 1
3023 3
3022 1
3021 3
3020 1
3019 3
3018 1
3017 3
3016 1
3015 3
3014 1
3013 3
3012 1
3011 3
3010 1
3009 3
3008 1
3007 3
3006 1
3005 3
3004 1
3003 3
3002 1
3001 3
3000 1
2999 3
2998 1
2997 3
2996 1
2995 3
2994 1
2993 3
2992 1
2991 3
2990 1
2989 3
2988 1
2987 3
2986 1
2985 3
2984 1
2983 3
2982 1
2981 3
2980 1
2979 3
2978 1
2977 3
2976 1
2975 3
2974 1
2973 3
2972 1
2971 3
2970 1
2969 3
2968 1
2967 3
2966 1
2965 3
2964 1
2963 3
2962 1
2961 3
2960 1
2959 3
2958 1
2957 3
2956 1
2955 3
2954 1
2953 3
2952 1
2951 3
2950 1
2949 3
2948 1
2947 3
2946 1
2945 3
2944 1
2943 3
2942 1
2941 3
2940 1
2939 3
2938 1
2937 3
2936 1
2935 3
2934 1
2933 3
2932 1
2931 3
2930 1
2929 3
2928 1
2927 3
2926 1
2925 3
2924 1
2923 3
2922 1
2921 3
2920 1
2919 3
2918 1
2917 3
2916 1
2915 3
2914 1
2913 3
2912 1
2911 3
2910 1
2909 3
2908 1
2907 3
2906 1
2905 3
2904 1
2903 3
2902 1
2901 3
2900 1
2899 3
2898 1
2897 3
2896 1
2895 3
2894 1
2893 3
2892 1
2891 3
2890 1
2889 3
2888 1
2887 3
2886 1
2885 3
2884 1
2883 3
2882 1
2881 3
2880 1
2879 3
2878 1
2877 3
2876 1
2875 3
2874 1
2873 3
2872 1
2871 3
2870 1
2869 3
2868 1
2867 3
2866 1
2865 3
2864 1
2863 3
2862 1
2861 3
2860 1
2859 3
2858 1
2857 3
2856 1
2855 3
2854 1
2853 3
2852 1
2851 3
2850 1
2849 3
2848 1
2847 3
2846 1
2845 3
2844 1
2843 3
2842 1
2841 3
2840 1
2839 3
2838 1
2837 3
2836 1
2835 3
2834 1
2833 3
2832 1
2831 3
2830 1
2829 3
2828 1
2827 3
2826 1
2825 3
2824 1
2823 3
2822 1
2821 3
2820 1
2819 3
2818 1
2817 3
2816 1
2815 3
2814 1
2813 3
2812 1
2811 3
2810 1
2809 3
2808 1
2807 3
2806 1
2805 3
2804 1
2803 3
2802 1
2801 3
2800 1
2799 3
2798 1
2797 3
2796 1
2795 3
2794 1
2793 3
2792 1
2791 3
2790 1
2789 3
2788 1
2787 3
2786 1
2785 3
2784 1
2783 3
2782 1
2781 3
2780 1
2779 3
2778 1
2777 3
2776 1
2775 3
2774 1
2773 3
2772 1
2771 3
2770 1
2769 3
2768 1
2767 3
2766 1
2765 3
2764 1
2763 3
2762 1
2761 3
2760 1
2759 3
2758 1
2757 3
2756 1
2755 3
2754 1
2753 3
2752 1
2751 3
2750 1
2749 3
2748 1
2747 3
2746 1
2745 3
2744 1
2743 3
2742 1
2741 3
2740 1
2739 3
2738 1
2737 3
2736 1
2735 3
2734 1
2733 3
2732 1
2731 3
2730 1
2729 3
2728 1
2727 3
2726 1
2725 3
2724 1
2723 3
2722 1
2721 3
2720 1
2719 3
2718 1
2717 3
2716 1
2715 3
2714 1
2713 3
2712 1
2711 3
2710 1
2709 3
2708 1
2707 3
2706 1
2705 3
2704 1
2703 3
2702 1
2701 3
2700 1
2699 3
2698 1
2697 3
2696 1
2695 3
2694 1
2693 3
2692 1
2691 3
2690 1
2689 3
2688 1
2687 3
2686 1
2685 3
2684 1
2683 3
2682 1
2681 3
2680 1
2679 3
2678 1
2677 3
2676 1
2675 3
2674 1
2673 3
2672 1
2671 3
2670 1
2669 3
2668 1
2667 3
2666 1
2665 3
2664 1
2663 3
2662 1
2661 3
2660 1
2659 3
2658 1
2657 3
2656 1
2655 3
2654 1
2653 3
2652 1
2651 3
2650 1
2649 3
2648 1
2647 3
2646 1
2645 3
2644 1
2643 3
2642 1
2641 3
2640 1
2639 3
2638 1
2637 3
2636 1
2635 3
2634 1
2633 3
2632 1
2631 3
2630 1
2629 3
2628 1
2627 3
2626 1
2625 3
2624 1
2623 3
2622 1
2621 3
2620 1
2619 3
2618 1
2617 3
2616 1
2615 3
2614 1
2613 3
2612 1
2611 3
2610 1
2609 3
2608 1
2607 3
2606 1
2605 3
2604 1
2603 3
2602 1
2601 3
2600 1
2599 3
2598 1
2597 3
2596 1
2595 3
2594 1
2593 3
2592 1
2591 3
2590 1
2589 3
2588 1
2587 3
2586 1
2585 3
2584 1
2583 3
2582 1
2581 3
2580 1
2579 3
2578 1
2577 3
2576 1
2575 3
2574 1
2573 3
2572 1
2571 3
2570 1
2569 3
2568 1
2567 3
2566 1
2565 3
2564 1
2563 3
2562 1
2561 3
2560 1
2559 3
2558 1
2557 3
2556 1
2555 3
2554 1
2553 3
2552 1
2551 3
2550 1
2549 3
2548 1
2547 3
2546 1
2545 3
2544 1
2543 3
2542 1
2541 3
2540 1
2539 3
2538 1
2537 3
2536 1
2535 3
2534 1
2533 3
2532 1
2531 3
2530 1
2529 3
2528 1
2527 3
2526 1
2525 3
2524 1
2523 3
2522 1
2521 3
2520 1
2519 3
2518 1
2517 3
2516 1
2515 3
2514 1
2513 3
2512 1
2511 3
2510 1
2509 3
2508 1
2507 3
2506 1
2505 3
2504 1
2503 3
2502 1
2501 3
2500 1
2499 3
2498 1
2497 3
2496 1
2495 3
2494 1
2493 3
2492 1
2491 3
2490 1
2489 3
2488 1
2487 3
2486 1
2485 3
2484 1
2483 3
2482 1
2481 3
2480 1
2479 3
2478 1
2477 3
2476 1
2475 3
2474 1
2473 3
2472 1
2471 3
2470 1
2469 3
2468 1
2467 3
2466 1
2465 3
2464 1
2463 3
2462 1
2461 3
2460 1
2459 3
2458 1
2457 3
2456 1
2455 3
2454 1
2453 3
2452 1
2451 3
2450 1
2449 3
2448 1
2447 3
2446 1
2445 3
2444 1
2443 3
2442 1
2441 3
2440 1
2439 3
2438 1
2437 3
2436 1
2435 3
2434 1
2433 3
2432 1
2431 3
2430 1
2429 3
2428 1
2427 3
2426 1
2425 3
2424 1
2423 3
2422 1
2421 3
2420 1
2419 3
2418 1
2417 3
2416 1
2415 3
2414 1
2413 3
2412 1
2411 3
2410 1
2409 3
2408 1
2407 3
2406 1
2405 3
2404 1
2403 3
2402 1
2401 3
2400 1
2399 3
2398 1
2397 3
2396 1
2395 3
2394 1
2393 3
2392 1
2391 3
2390 1
2389 3
2388 1
2387 3
2386 1
2385 3
2384 1
2383 3
2382 1
2381 3
2380 1
2379 3
2378 1
2377 3
2376 1
2375 3
2374 1
2373 3
2372 1
2371 3
2370 1
2369 3
2368 1
2367 3
2366 1
2365 3
2364 1
2363 3
2362 1
2361 3
2360 1
2359 3
2358 1
2357 3
2356 1
2355 3
2354 1
2353 3
2352 1
2351 3
2350 1
2349 3
2348 1
2347 3
2346 1
2345 3
2344 1
2343 3
2342 1
2341 3
2340 1
2339 3
2338 1
2337 3
2336 1
2335 3
2334 1
2333 3
2332 1
2331 3
2330 1
2329 3
2328 1
2327 3
2326 1
2325 3
2324 1
2323 3
2322 1
2321 3
2320 1
2319 3
2318 1
2317 3
2316 1
2315 3
2314 1
2313 3
2312 1
2311 3
2310 1
2309 3
2308 1
2307 3
2306 1
2305 3
2304 1
2303 3
2302 1
2301 3
2300 1
2299 3
2298 1
2297 3
2296 1
2295 3
2294 1
2293 3
2292 1
2291 3
2290 1
2289 3
2288 1
2287 3
2286 1
2285 3
2284 1
2283 3
2282 1
2281 3
2280 1
2279 3
2278 1
2277 3
2276 1
2275 3
2274 1
2273 3
2272 1
2271 3
2270 1
2269 3
2268 1
2267 3
2266 1
2265 3
2264 1
2263 3
2262 1
2261 3
2260 1
2259 3
2258 1
2257 3
2256 1
2255 3
2254 1
2253 3
2252 1
2251 3
2250 1
2249 3
2248 1
2247 3
2246 1
2245 3
2244 1
2243 3
2242 1
2241 3
2240 1
2239 3
2238 1
2237 3
2236 1
2235 3
2234 1
2233 3
2232 1
2231 3
2230 1
2229 3
2228 1
2227 3
2226 1
2225 3
2224 1
2223 3
2222 1
2221 3
2220 1
2219 3
2218 1
2217 3
2216 1
2215 3
2214 1
2213 3
2212 1
2211 3
2210 1
2209 3
2208 1
2207 3
2206 1
2205 3
2204 1
2203 3
2202 1
2201 3
2200 1
2199 3
2198 1
2197 3
2196 1
2195 3
2194 1
2193 3
2192 1
2191 3
2190 1
2189 3
2188 1
2187 3
2186 1
2185 3
2184 1
2183 3
2182 1
2181 3
2180 1
2179 3
2178 1
2177 3
2176 1
2175 3
2174 1
2173 3
2172 1
2171 3
2170 1
2169 3
2168 1
2167 3
2166 1
2165 3
2164 1
2163 3
2162 1
2161 3
2160 1
2159 3
2158 1
2157 3
2156 1
2155 3
2154 1
2153 3
2152 1
2151 3
2150 1
2149 3
2148 1
2147 3
2146 1
2145 3
2144 1
2143 3
2142 1
2141 3
2140 1
2139 3
2138 1
2137 3
2136 1
2135 3
2134 1
2133 3
2132 1
2131 3
2130 1
2129 3
2128 1
2127 3
2126 1
2125 3
2124 1
2123 3
2122 1
2121 3
2120 1
2119 3
2118 1
2117 3
2116 1
2115 3
2114 1
2113 3
2112 1
2111 3
2110 1
2109 3
2108 1
2107 3
2106 1
2105 3
2104 1
2103 3
2102 1
2101 3
2100 1
2099 3
2098 1
2097 3
2096 1
2095 3
2094 1
2093 3
2092 1
2091 3
2090 1
2089 3
2088 1
2087 3
2086 1
2085 3
2084 1
2083 3
2082 1
2081 3
2080 1
2079 3
2078 1
2077 3
2076 1
2075 3
2074 1
2073 3
2072 1
2071 3
2070 1
2069 3
2068 1
2067 3
2066 1
2065 3
2064 1
2063 3
2062 1
2061 3
2060 1
2059 3
2058 1
2057 3
2056 1
2055 3
2054 1
2053 3
2052 1
2051 3
2050 1
2049 3
2048 1
2047 3
2046 1
2045 3
2044 1
2043 3
2042 1
2041 3
2040 1
2039 3
2038 1
2037 3
2036 1
2035 3
2034 1
2033 3
2032 1
2031 3
2030 1
2029 3
2028 1
2027 3
2026 1
2025 3
2024 1
2023 3
2022 1
2021 3
2020 1
2019 3
2018 1
2017 3
2016 1
2015 3
2014 1
2013 3
2012 1
2011 3
2010 1
2009 3
2008 1
2007 3
2006 1
2005 3
2004 1
2003 3
2002 1
2001 3
2000 1
1999 3
1998 1
1997 3
1996 1
1995 3
1994 1
1993 3
1992 1
1991 3
1990 1
1989 3
1988 1
1987 3
1986 1
1985 3
1984 1
1983 3
1982 1
1981 3
1980 1
1979 3
1978 1
1977 3
1976 1
1975 3
1974 1
1973 3
1972 1
1971 3
1970 1
1969 3
1968 1
1967 3
1966 1
1965 3
1964 1
1963 3
1962 1
1961 3
1960 1
1959 3
1958 1
1957 3
1956 1
1955 3
1954 1
1953 3
1952 1
1951 3
1950 1
1949 3
1948 1
1947 3
1946 1
1945 3
1944 1
1943 3
1942 1
1941 3
1940 1
1939 3
1938 1
1937 3
1936 1
1935 3
1934 1
1933 3
1932 1
1931 3
1930 1
1929 3
1928 1
1927 3
1926 1
1925 3
1924 1
1923 3
1922 1
1921 3
1920 1
1919 3
1918 1
1917 3
1916 1
1915 3
1914 1
1913 3
1912 1
1911 3
1910 1
1909 3
1908 1
1907 3
1906 1
1905 3
1904 1
1903 3
1902 1
1901 3
1900 1
1899 3
1898 1
1897 3
1896 1
1895 3
1894 1
1893 3
1892 1
1891 3
1890 1
1889 3
1888 1
1887 3
1886 1
1885 3
1884 1
1883 3
1882 1
1881 3
1880 1
1879 3
1878 1
1877 3
1876 1
1875 3
1874 1
1873 3
1872 1
1871 3
1870 1
1869 3
1868 1
1867 3
1866 1
1865 3
1864 1
1863 3
1862 1
1861 3
1860 1
1859 3
1858 1
1857 3
1856 1
1855 3
1854 1
1853 3
1852 1
1851 3
1850 1
1849 3
1848 1
1847 3
1846 1
1845 3
1844 1
1843 3
1842 1
1841 3
1840 1
1839 3
1838 1
1837 3
1836 1
1835 3
1834 1
1833 3
1832 1
1831 3
1830 1
1829 3
1828 1
1827 3
1826 1
1825 3
1824 1
1823 3
1822 1
1821 3
1820 1
1819 3
1818 1
1817 3
1816 1
1815 3
1814 1
1813 3
1812 1
1811 3
1810 1
1809 3
1808 1
1807 3
1806 1
1805 3
1804 1
1803 3
1802 1
1801 3
1800 1
1799 3
1798 1
1797 3
1796 1
1795 3
1794 1
1793 3
1792 1
1791 3
1790 1
1789 3
1788 1
1787 3
1786 1
1785 3
1784 1
1783 3
1782 1
1781 3
1780 1
1779 3
1778 1
1777 3
1776 1
1775 3
1774 1
1773 3
1772 1
1771 3
1770 1
1769 3
1768 1
1767 3
1766 1
1765 3
1764 1
1763 3
1762 1
1761 3
1760 1
1759 3
1758 1
1757 3
1756 1
1755 3
1754 1
1753 3
1752 1
1751 3
1750 1
1749 3
1748 1
1747 3
1746 1
1745 3
1744 1
1743 3
1742 1
1741 3
1740 1
1739 3
1738 1
1737 3
1736 1
1735 3
1734 1
1733 3
1732 1
1731 3
1730 1
1729 3
1728 1
1727 3
1726 1
1725 3
1724 1
1723 3
1722 1
1721 3
1720 1
1719 3
1718 1
1717 3
1716 1
1715 3
1714 1
1713 3
1712 1
1711 3
1710 1
1709 3
1708 1
1707 3
1706 1
1705 3
1704 1
1703 3
1702 1
1701 3
1700 1
1699 3
1698 1
1697 3
1696 1
1695 3
1694 1
1693 3
1692 1
1691 3
1690 1
1689 3
1688 1
1687 3
1686 1
1685 3
1684 1
1683 3
1682 1
1681 3
1680 1
1679 3
1678 1
1677 3
1676 1
1675 3
1674 1
1673 3
1672 1
1671 3
1670 1
1669 3
1668 1
1667 3
1666 1
1665 3
1664 1
1663 3
1662 1
1661 3
1660 1
1659 3
1658 1
1657 3
1656 1
1655 3
1654 1
1653 3
1652 1
1651 3
1650 1
1649 3
1648 1
1647 3
1646 1
1645 3
1644 1
1643 3
1642 1
1641 3
1640 1
1639 3
1638 1
1637 3
1636 1
1635 3
1634 1
1633 3
1632 1
1631 3
1630 1
1629 3
1628 1
1627 3
1626 1
1625 3
1624 1
1623 3
1622 1
1621 3
1620 1
1619 3
1618 1
1617 3
1616 1
1615 3
1614 1
1613 3
1612 1
1611 3
1610 1
1609 3
1608 1
1607 3
1606 1
1605 3
1604 1
1603 3
1602 1
1601 3
1600 1
1599 3
1598 1
1597 3
1596 1
1595 3
1594 1
1593 3
1592 1
1591 3
1590 1
1589 3
1588 1
1587 3
1586 1
1585 3
1584 1
1583 3
1582 1
1581 3
1580 1
1579 3
1578 1
1577 3
1576 1
1575 3
1574 1
1573 3
1572 1
1571 3
1570 1
1569 3
1568 1
1567 3
1566 1
1565 3
1564 1
1563 3
1562 1
1561 3
1560 1
1559 3
1558 1
1557 3
1556 1
1555 3
1554 1
1553 3
1552 1
1551 3
1550 1
1549 3
1548 1
1547 3
1546 1
1545 3
1544 1
1543 3
1542 1
1541 3
1540 1
1539 3
1538 1
1537 3
1536 1
1535 3
1534 1
1533 3
1532 1
1531 3
1530 1
1529 3
1528 1
1527 3
1526 1
1525 3
1524 1
1523 3
1522 1
1521 3
1520 1
1519 3
1518 1
1517 3
1516 1
1515 3
1514 1
1513 3
1512 1
1511 3
1510 1
1509 3
1508 1
1507 3
1506 1
1505 3
1504 1
1503 3
1502 1
1501 3
1500 1
1499 3
1498 1
1497 3
1496 1
1495 3
1494 1
1493 3
1492 1
1491 3
1490 1
1489 3
1488 1
1487 3
1486 1
1485 3
1484 1
1483 3
1482 1
1481 3
1480 1
1479 3
1478 1
1477 3
1476 1
1475 3
1474 1
1473 3
1472 1
1471 3
1470 1
1469 3
1468 1
1467 3
1466 1
1465 3
1464 1
1463 3
1462 1
1461 3
1460 1
1459 3
1458 1
1457 3
1456 1
1455 3
1454 1
1453 3
1452 1
1451 3
1450 1
1449 3
1448 1
1447 3
1446 1
1445 3
1444 1
1443 3
1442 1
1441 3
1440 1
1439 3
1438 1
1437 3
1436 1
1435 3
1434 1
1433 3
1432 1
1431 3
1430 1
1429 3
1428 1
1427 3
1426 1
1425 3
1424 1
1423 3
1422 1
1421 3
1420 1
1419 3
1418 1
1417 3
1416 1
1415 3
1414 1
1413 3
1412 1
1411 3
1410 1
1409 3
1408 1
1407 3
1406 1
1405 3
1404 1
1403 3
1402 1
1401 3
1400 1
1399 3
1398 1
1397 3
1396 1
1395 3
1394 1
1393 3
1392 1
1391 3
1390 1
1389 3
1388 1
1387 3
1386 1
1385 3
1384 1
1383 3
1382 1
1381 3
1380 1
1379 3
1378 1
1377 3
1376 1
1375 3
1374 1
1373 3
1372 1
1371 3
1370 1
1369 3
1368 1
1367 3
1366 1
1365 3
1364 1
1363 3
1362 1
1361 3
1360 1
1359 3
1358 1
1357 3
1356 1
1355 3
1354 1
1353 3
1352 1
1351 3
1350 1
1349 3
1348 1
1347 3
1346 1
1345 3
1344 1
1343 3
1342 1
1341 3
1340 1
1339 3
1338 1
1337 3
1336 1
1335 3
1334 1
1333 3
1332 1
1331 3
1330 1
1329 3
1328 1
1327 3
1326 1
1325 3
1324 1
1323 3
1322 1
1321 3
1320 1
1319 3
1318 1
1317 3
1316 1
1315 3
1314 1
1313 3
1312 1
1311 3
1310 1
1309 3
1308 1
1307 3
1306 1
1305 3
1304 1
1303 3
1302 1
1301 3
1300 1
1299 3
1298 1
1297 3
1296 1
1295 3
1294 1
1293 3
1292 1
1291 3
1290 1
1289 3
1288 1
1287 3
1286 1
1285 3
1284 1
1283 3
1282 1
1281 3
1280 1
1279 3
1278 1
1277 3
1276 1
1275 3
1274 1
1273 3
1272 1
1271 3
1270 1
1269 3
1268 1
1267 3
1266 1
1265 3
1264 1
1263 3
1262 1
1261 3
1260 1
1259 3
1258 1
1257 3
1256 1
1255 3
1254 1
1253 3
1252 1
1251 3
1250 1
1249 3
1248 1
1247 3
1246 1
1245 3
1244 1
1243 3
1242 1
1241 3
1240 1
1239 3
1238 1
1237 3
1236 1
1235 3
1234 1
1233 3
1232 1
1231 3
1230 1
1229 3
1228 1
1227 3
1226 1
1225 3
1224 1
1223 3
1222 1
1221 3
1220 1
1219 3
1218 1
1217 3
1216 1
1215 3
1214 1
1213 3
1212 1
1211 3
1210 1
1209 3
1208 1
1207 3
1206 1
1205 3
1204 1
1203 3
1202 1
1201 3
1200 1
1199 3
1198 1
1197 3
1196 1
1195 3
1194 1
1193 3
1192 1
1191 3
1190 1
1189 3
1188 1
1187 3
1186 1
1185 3
1184 1
1183 3
1182 1
1181 3
1180 1
1179 3
1178 1
1177 3
1176 1
1175 3
1174 1
1173 3
1172 1
1171 3
1170 1
1169 3
1168 1
1167 3
1166 1
1165 3
1164 1
1163 3
1162 1
1161 3
1160 1
1159 3
1158 1
1157 3
1156 1
1155 3
1154 1
1153 3
1152 1
1151 3
1150 1
1149 3
1148 1
1147 3
1146 1
1145 3
1144 1
1143 3
1142 1
1141 3
1140 1
1139 3
1138 1
1137 3
1136 1
1135 3
1134 1
1133 3
1132 1
1131 3
1130 1
1129 3
1128 1
1127 3
1126 1
1125 3
1124 1
1123 3
1122 1
1121 3
1120 1
1119 3
1118 1
1117 3
1116 1
1115 3
1114 1
1113 3
1112 1
1111 3
1110 1
1109 3
1108 1
1107 3
1106 1
1105 3
1104 1
1103 3
1102 1
1101 3
1100 1
1099 3
1098 1
1097 3
1096 1
1095 3
1094 1
1093 3
1092 1
1091 3
1090 1
1089 3
1088 1
1087 3
1086 1
1085 3
1084 1
1083 3
1082 1
1081 3
1080 1
1079 3
1078 1
1077 3
1076 1
1075 3
1074 1
1073 3
1072 1
1071 3
1070 1
1069 3
1068 1
1067 3
1066 1
1065 3
1064 1
1063 3
1062 1
1061 3
1060 1
1059 3
1058 1
1057 3
1056 1
1055 3
1054 1
1053 3
1052 1
1051 3
1050 1
1049 3
1048 1
1047 3
1046 1
1045 3
1044 1
1043 3
1042 1
1041 3
1040 1
1039 3
1038 1
1037 3
1036 1
1035 3
1034 1
1033 3
1032 1
1031 3
1030 1
1029 3
1028 1
1027 3
1026 1
1025 3
1024 1
1023 3
1022 1
1021 3
1020 1
1019 3
1018 1
1017 3
1016 1
1015 3
1014 1
1013 3
1012 1
1011 3
1010 1
1009 3
1008 1
1007 3
1006 1
1005 3
1004 1
1003 3
1002 1
1001 3
1000 1
999 3
998 1
997 3
996 1
995 3
994 1
993 3
992 1
991 3
990 1
989 3
988 1
987 3
986 1
985 3
984 1
983 3
982 1
981 3
980 1
979 3
978 1
977 3
976 1
975 3
974 1
973 3
972 1
971 3
970 1
969 3
968 1
967 3
966 1
965 3
964 1
963 3
962 1
961 3
960 1
959 3
958 1
957 3
956 1
955 3
954 1
953 3
952 1
951 3
950 1
949 3
948 1
947 3
946 1
945 3
944 1
943 3
942 1
941 3
940 1
939 3
938 1
937 3
936 1
935 3
934 1
933 3
932 1
931 3
930 1
929 3
928 1
927 3
926 1
925 3
924 1
923 3
922 1
921 3
920 1
919 3
918 1
917 3
916 1
915 3
914 1
913 3
912 1
911 3
910 1
909 3
908 1
907 3
906 1
905 3
904 1
903 3
902 1
901 3
900 1
899 3
898 1
897 3
896 1
895 3
894 1
893 3
892 1
891 3
890 1
889 3
888 1
887 3
886 1
885 3
884 1
883 3
882 1
881 3
880 1
879 3
878 1
877 3
876 1
875 3
874 1
873 3
872 1
871 3
870 1
869 3
868 1
867 3
866 1
865 3
864 1
863 3
862 1
861 3
860 1
859 3
858 1
857 3
856 1
855 3
854 1
853 3
852 1
851 3
850 1
849 3
848 1
847 3
846 1
845 3
844 1
843 3
842 1
841 3
840 1
839 3
838 1
837 3
836 1
835 3
834 1
833 3
832 1
831 3
830 1
829 3
828 1
827 3
826 1
825 3
824 1
823 3
822 1
821 3
820 1
819 3
818 1
817 3
816 1
815 3
814 1
813 3
812 1
811 3
810 1
809 3
808 1
807 3
806 1
805 3
804 1
803 3
802 1
801 3
800 1
799 3
798 1
797 3
796 1
795 3
794 1
793 3
792 1
791 3
790 1
789 3
788 1
787 3
786 1
785 3
784 1
783 3
782 1
781 3
780 1
779 3
778 1
777 3
776 1
775 3
774 1
773 3
772 1
771 3
770 1
769 3
768 1
767 3
766 1
765 3
764 1
763 3
762 1
761 3
760 1
759 3
758 1
757 3
756 1
755 3
754 1
753 3
752 1
751 3
750 1
749 3
748 1
747 3
746 1
745 3
744 1
743 3
742 1
741 3
740 1
739 3
738 1
737 3
736 1
735 3
734 1
733 3
732 1
731 3
730 1
729 3
728 1
727 3
726 1
725 3
724 1
723 3
722 1
721 3
720 1
719 3
718 1
717 3
716 1
715 3
714 1
713 3
712 1
711 3
710 1
709 3
708 1
707 3
706 1
705 3
704 1
703 3
702 1
701 3
700 1
699 3
698 1
697 3
696 1
695 3
694 1
693 3
692 1
691 3
690 1
689 3
688 1
687 3
686 1
685 3
684 1
683 3
682 1
681 3
680 1
679 3
678 1
677 3
676 1
675 3
674 1
673 3
672 1
671 3
670 1
669 3
668 1
667 3
666 1
665 3
664 1
663 3
662 1
661 3
660 1
659 3
658 1
657 3
656 1
655 3
654 1
653 3
652 1
651 3
650 1
649 3
648 1
647 3
646 1
645 3
644 1
643 3
642 1
641 3
640 1
639 3
638 1
637 3
636 1
635 3
634 1
633 3
632 1
631 3
630 1
629 3
628 1
627 3
626 1
625 3
624 1
623 3
622 1
621 3
620 1
619 3
618 1
617 3
616 1
615 3
614 1
613 3
612 1
611 3
610 1
609 3
608 1
607 3
606 1
605 3
604 1
603 3
602 1
601 3
600 1
599 3
598 1
597 3
596 1
595 3
594 1
593 3
592 1
591 3
590 1
589 3
588 1
587 3
586 1
585 3
584 1
583 3
582 1
581 3
580 1
579 3
578 1
577 3
576 1
575 3
574 1
573 3
572 1
571 3
570 1
569 3
568 1
567 3
566 1
565 3
564 1
563 3
562 1
561 3
560 1
559 3
558 1
557 3
556 1
555 3
554 1
553 3
552 1
551 3
550 1
549 3
548 1
547 3
546 1
545 3
544 1
543 3
542 1
541 3
540 1
539 3
538 1
537 3
536 1
535 3
534 1
533 3
532 1
531 3
530 1
529 3
528 1
527 3
526 1
525 3
524 1
523 3
522 1
521 3
520 1
519 3
518 1
517 3
516 1
515 3
514 1
513 3
512 1
511 3
510 1
509 3
508 1
507 3
506 1
505 3
504 1
503 3
502 1
501 3
500 1
499 3
498 1
497 3
496 1
495 3
494 1
493 3
492 1
491 3
490 1
489 3
488 1
487 3
486 1
485 3
484 1
483 3
482 1
481 3
480 1
479 3
478 1
477 3
476 1
475 3
474 1
473 3
472 1
471 3
470 1
469 3
468 1
467 3
466 1
465 3
464 1
463 3
462 1
461 3
460 1
459 3
458 1
457 3
456 1
455 3
454 1
453 3
452 1
451 3
450 1
449 3
448 1
447 3
446 1
445 3
444 1
443 3
442 1
441 3
440 1
439 3
438 1
437 3
436 1
435 3
434 1
433 3
432 1
431 3
430 1
429 3
428 1
427 3
426 1
425 3
424 1
423 3
422 1
421 3
420 1
419 3
418 1
417 3
416 1
415 3
414 1
413 3
412 1
411 3
410 1
409 3
408 1
407 3
406 1
405 3
404 1
403 3
402 1
401 3
400 1
399 3
398 1
397 3
396 1
395 3
394 1
393 3
392 1
391 3
390 1
389 3
388 1
387 3
386 1
385 3
384 1
383 3
382 1
381 3
380 1
379 3
378 1
377 3
376 1
375 3
374 1
373 3
372 1
371 3
370 1
369 3
368 1
367 3
366 1
365 3
364 1
363 3
362 1
361 3
360 1
359 3
358 1
357 3
356 1
355 3
354 1
353 3
352 1
351 3
350 1
349 3
348 1
347 3
346 1
345 3
344 1
343 3
342 1
341 3
340 1
339 3
338 1
337 3
336 1
335 3
334 1
333 3
332 1
331 3
330 1
329 3
328 1
327 3
326 1
325 3
324 1
323 3
322 1
321 3
320 1
319 3
318 1
317 3
316 1
315 3
314 1
313 3
312 1
311 3
310 1
309 3
308 1
307 3
306 1
305 3
304 1
303 3
302 1
301 3
300 1
299 3
298 1
297 3
296 1
295 3
294 1
293 3
292 1
291 3
290 1
289 3
288 1
287 3
286 1
285 3
284 1
283 3
282 1
281 3
280 1
279 3
278 1
277 3
276 1
275 3
274 1
273 3
272 1
271 3
270 1
269 3
268 1
267 3
266 1
265 3
264 1
263 3
262 1
261 3
260 1
259 3
258 1
257 3
256 1
255 3
254 1
253 3
252 1
251 3
250 1
249 3
248 1
247 3
246 1
245 3
244 1
243 3
242 1
241 3
240 1
239 3
238 1
237 3
236 1
235 3
234 1
233 3
232 1
231 3
230 1
229 3
228 1
227 3
226 1
225 3
224 1
223 3
222 1
221 3
220 1
219 3
218 1
217 3
216 1
215 3
214 1
213 3
212 1
211 3
210 1
209 3
208 1
207 3
206 1
205 3
204 1
203 3
202 1
201 3
200 1
199 3
198 1
197 3
196 1
195 3
194 1
193 3
192 1
191 3
190 1
189 3
188 1
187 3
186 1
185 3
184 1
183 3
182 1
181 3
180 1
179 3
178 1
177 3
176 1
175 3
174 1
173 3
172 1
171 3
170 1
169 3
168 1
167 3
166 1
165 3
164 1
163 3
162 1
161 3
160 1
159 3
158 1
157 3
156 1
155 3
154 1
153 3
152 1
151 3
150 1
149 3
148 1
147 3
146 1
145 3
144 1
143 3
142 1
141 3
140 1
139 3
138 1
137 3
136 1
135 3
134 1
133 3
132 1
131 3
130 1
129 3
128 1
127 3
126 1
125 3
124 1
123 3
122 1
121 3
120 1
119 3
118 1
117 3
116 1
115 3
114 1
113 3
112 1
111 3
110 1
109 3
108 1
107 3
106 1
105 3
104 1
103 3
102 1
101 3
100 1
99 3
98 1
97 3
96 1
95 3
94 1
93 3
92 1
91 3
90 1
89 3
88 1
87 3
86 1
85 3
84 1
83 3
82 1
81 3
80 1
79 3
78 1
77 3
76 1
75 3
74 1
73 3
72 1
71 3
70 1
69 3
68 1
67 3
66 1
65 3
64 1
63 3
62 1
61 3
60 1
59 3
58 1
57 3
56 1
55 3
54 1
53 3
52 1
51 3
50 1
49 3
48 1
47 3
46 1
45 3
44 1
43 3
42 1
41 3
40 1
39 3
38 1
37 3
36 1
35 3
34 1
33 3
32 1
31 3
30 1
29 3
28 1
27 3
26 1
25 3
24 1
23 3
22 1
21 3
20 1
19 3
18 1
17 3
16 1
15 3
14 1
13 3
12 1
11 3
10 1
9 3
8 1
7 3
6 1
5 3
4 1
3 3
2 1
1 3
0 1
